1430830463 978081052 -0.200538331375 -0.137531809439 1.37341158775 -0.988148362436 0.00331280856534 -0.0523731937919 0.144252860239
1430830464 49585240 -0.200537282086 -0.137479175715 1.37339286253 -0.988457689962 0.00398775486496 -0.0517803932358 0.1423175458
1430830464 155090060 -0.200406368186 -0.137308983096 1.37224051532 -0.988507840406 0.00432493026785 -0.0518103735601 0.141947982113
1430830464 198548035 -0.200581712523 -0.13736780017 1.37316015127 -0.988814831424 0.00432627341829 -0.0511170426329 0.140048421865
1430830464 271405111 -0.200455878465 -0.137362475698 1.37257341932 -0.988404591068 0.00432447853022 -0.0520414358485 0.142581037297
1430830464 336846154 -0.200328805108 -0.136884435185 1.37136254912 -0.991485437904 0.00298601068806 -0.0444692398268 0.122352755891
1430830464 406604505 -0.200286204323 -0.136803211051 1.37100151257 -0.992090430696 0.0043406048559 -0.0426916105982 0.117962548532
1430830464 468068851 -0.201054332967 -0.136219544437 1.37615983119 -0.987678397841 0.000281061217756 -0.051850102579 0.14765795036
1430830464 537142094 -0.200818924367 -0.135950426665 1.37372652478 -0.986920289448 0.000280845484711 -0.0534111956741 0.15210360804
1430830464 608245050 -0.200820545406 -0.135818258685 1.37253171713 -0.986139169247 -0.00106401591927 -0.0543302454923 0.156769356608
1430830464 670273850 -0.20056582727 -0.13557321838 1.37130817255 -0.986588083198 0.00095337664552 -0.0537647589445 0.154118123078
1430830464 740756079 -0.200687515358 -0.135841042609 1.37271859409 -0.986532843389 -5.55586504714e-05 -0.0536122308959 0.154527261436
1430830464 812139389 -0.200625222494 -0.135856573972 1.3728552154 -0.986754951043 -5.55711589264e-05 -0.053066766263 0.153292471513
1430830464 872239329 -0.200834142406 -0.136042250439 1.37465882768 -0.987139186255 0.000280907775639 -0.0522448544567 0.151084821321
1430830464 949710853 -0.200785425471 -0.13600374179 1.37443389642 -0.98730215445 0.000280954151098 -0.0519149115601 0.150130672552
1430830465 5684401 -0.20084440455 -0.136093996293 1.37508214531 -0.987410188378 -0.000392201026933 -0.0511850163682 0.149669837192
1430830465 76396201 -0.200779473405 -0.136032394371 1.37451164075 -0.987193585799 -0.000392114992016 -0.051208810493 0.151083844704
1430830465 137034107 -0.200752291408 -0.136021587375 1.37442966407 -0.987247984844 -5.55989251515e-05 -0.0509465758769 0.150817305825
1430830465 208462764 -0.200709912376 -0.136053388747 1.3747159455 -0.98746412852 -5.56110977325e-05 -0.0505157112463 0.149541815929
1430830465 270269659 -0.200856983908 -0.13612597017 1.37542609792 -0.98746412852 -5.56110977327e-05 -0.050311758329 0.149610557007
1430830465 339835822 -0.200755669321 -0.136095548616 1.37490248946 -0.98751787759 -5.56141247238e-05 -0.0500008511142 0.14935981131
1430830465 409114602 -0.200910350257 -0.136092719312 1.37510692792 -0.987356286148 -5.56050243656e-05 -0.050321415902 0.150317384934
1430830465 472352711 -0.200745440029 -0.136064840204 1.37483708789 -0.987356286148 -5.56050243657e-05 -0.0501164056475 0.150385860362
1430830465 543476425 -0.20046822875 -0.135928916198 1.37349422396 -0.987139224658 -5.55928000959e-05 -0.050128218466 0.15180022979
1430830465 607346708 -0.200595970691 -0.136179899772 1.37397571212 -0.988770733436 0.00230371663348 -0.0464189466055 0.142029613062
1430830465 676030830 -0.200739214047 -0.136556287561 1.37511470662 -0.989170480142 0.00365343244864 -0.0461512239351 0.139278419634
1430830465 739221185 -0.200823859388 -0.136155724419 1.37556087667 -0.987943278858 0.000954686221333 -0.0470892303398 0.147478034705
1430830465 808105753 -0.200872640873 -0.136132836974 1.37546928325 -0.987624955127 -0.000392286332657 -0.0474999872587 0.149467539392
1430830465 871200904 -0.200689834282 -0.136047911962 1.37467025658 -0.98746412852 -5.56110977334e-05 -0.0476519963931 0.150478832511
1430830465 941567233 -0.200625992183 -0.136013680273 1.3743384592 -0.987410264704 -5.56080642804e-05 -0.0477536145016 0.150799729336
1430830466 2721532 -0.200533312386 -0.135896017514 1.37322113637 -0.986975224086 -5.55835640624e-05 -0.0485663586109 0.153366269963
1430830466 72646789 -0.200592844455 -0.135917354971 1.37345383514 -0.987057348545 0.000112648145832 -0.0483879376226 0.152893379472
1430830466 143106118 -0.200681184644 -0.135964882001 1.37391012479 -0.987111939104 -0.000223836906129 -0.0481303563107 0.1526218804
1430830466 206807571 -0.200833108514 -0.135998253671 1.37424908585 -0.987111939104 -0.000223836906129 -0.0479222058258 0.152687366092
1430830466 277461776 -0.200703859063 -0.135978513917 1.37402816429 -0.987274945698 -0.000560420769997 -0.0475681651472 0.15174036111
1430830466 337706972 -0.20058151235 -0.135937579816 1.37362947324 -0.987220814 -0.000223861594534 -0.0475133025621 0.152110158671
1430830466 409129796 -0.20062368465 -0.135980432767 1.3740395862 -0.987329248981 0.000112679176532 -0.0472609810475 0.151483798079
1430830466 470305291 -0.200669946387 -0.13607303447 1.37491442315 -0.987651724387 -0.000223959307513 -0.0465064812736 0.149603370138
1430830466 540930062 -0.200545599299 -0.135996219269 1.37414538424 -0.987437187133 -0.000223910659175 -0.0464945489996 0.151016582677
1430830466 610554014 -0.200579136338 -0.135931073101 1.37355952953 -0.987166433908 -0.000223849263337 -0.0469897024218 0.152624865353
1430830466 672616252 -0.200672219402 -0.135993948317 1.37418123328 -0.987302169042 -0.000223880042554 -0.0467421426843 0.151820779146
1430830466 743112931 -0.200678586746 -0.135998697405 1.3742234699 -0.987302169042 -0.000223880042554 -0.0467421426843 0.151820779146
1430830466 806516229 -0.200513941795 -0.135945057683 1.3736841937 -0.987247961028 -0.000223867750378 -0.0467374337583 0.152174326401
1430830466 878237659 -0.200726627369 -0.136079324673 1.37497981787 -0.987678412439 -0.000223965359279 -0.0459468133254 0.149600112925
1430830466 947071865 -0.200699443691 -0.136044403473 1.37462848033 -0.987517853767 -0.000223928951092 -0.046243336347 0.150565574386
1430830467 8447695 -0.20077530417 -0.136053317089 1.3747410632 -0.987437187133 -0.000223910659175 -0.0463915797414 0.151048246131
1430830467 99160332 -0.20072368464 -0.136033301193 1.37453368988 -0.987437053434 -0.000560512789492 -0.0463400870231 0.15106405153
1430830467 140320810 -0.200655393034 -0.136010747441 1.37432984055 -0.987490993576 -0.000223922860291 -0.0461899807361 0.15075799529
1430830467 211459165 -0.200711354424 -0.136063836779 1.37483063073 -0.98754468527 -0.000223935035387 -0.0460913671849 0.150436133686
1430830467 294912736 -0.200641525417 -0.136075227126 1.3749335825 -0.987651724387 -0.000223959307513 -0.0458941240263 0.149792358073
1430830467 362853317 -0.200608638214 -0.136106665828 1.37521572751 -0.987811422291 -0.000223995520513 -0.0455982193194 0.1488265642
1430830467 427532583 -0.200625705704 -0.136081607765 1.37495839903 -0.987731649941 -0.00039232871202 -0.045720728336 0.149317275571
1430830467 494727808 -0.200808572044 -0.136193534131 1.37605157892 -0.987996378275 -0.00039243386257 -0.0452277619918 0.147707318902
1430830467 559668102 -0.200736561015 -0.136131731336 1.37546280093 -0.987731649941 -0.00039232871202 -0.045720728336 0.149317275571
1430830467 624484459 -0.200661649176 -0.136161492626 1.37572811898 -0.988048979543 -0.000392454755885 -0.0451291529104 0.147385275927
1430830467 697481242 -0.201019325357 -0.136356966537 1.37759556921 -0.988465464625 -0.00072957297014 -0.0441919804879 0.144853587552
1430830467 760808334 -0.200835667812 -0.136244141219 1.37649449547 -0.988206094444 -0.000392517162195 -0.0446336046304 0.146480040181
1430830467 830134633 -0.200928374191 -0.136223087915 1.37631827418 -0.988048788355 -0.000729265427029 -0.0448778806121 0.147461980979
1430830467 893960190 -0.200647433746 -0.136067011236 1.37482759671 -0.987705071798 -0.00022397140454 -0.0453877072538 0.149594776019
1430830467 965073202 -0.20079835014 -0.136226144639 1.37636670999 -0.988179899139 -0.000560934461454 -0.0443576684629 0.14673980216
1430830468 25668449 -0.200694135283 -0.136184447909 1.37592661248 -0.988179899139 -0.000560934461454 -0.0442576154784 0.146770009748
1430830468 95826778 -0.20086581267 -0.136323320524 1.37724498915 -0.988594278548 -0.000561169681468 -0.0434794404604 0.14418937467
1430830468 165700797 -0.200772421318 -0.136259333845 1.37661216553 -0.988335904132 -0.000897931712212 -0.0439161337585 0.145817377282
1430830468 226514832 -0.200714486318 -0.136199300945 1.37605588334 -0.98812758492 -0.000560904765597 -0.0441542568596 0.147152855584
1430830468 294404068 -0.200699326587 -0.13611605845 1.37528855829 -0.987811422291 -0.000223995520514 -0.0445825137258 0.149133977639
1430830468 357184012 -0.200504126439 -0.13605133127 1.37466902385 -0.987731649941 -0.000392328712021 -0.044701674402 0.149625512828
1430830468 402948864 -0.200745070598 -0.13621998395 1.37629355874 -0.988153646425 -0.000729342821351 -0.0437800484793 0.147088906687
1430830468 489861602 -0.2004028786 -0.136078073308 1.37487579603 -0.987890334209 -0.00106590537611 -0.0442097610488 0.14871801656
1430830468 560996849 -0.200760963869 -0.136268482257 1.37676000701 -0.988517223623 -0.000392640743241 -0.0429591351779 0.144872554817
1430830468 632913420 -0.200474618475 -0.136094740751 1.37503588013 -0.987996378275 -0.000392433862572 -0.0439168727763 0.148102365942
1430830468 692996322 -0.200688074948 -0.136142795116 1.37554878292 -0.987970034587 -0.000392423398813 -0.0439647463527 0.148263811634
1430830468 765152020 -0.20062488102 -0.136160966246 1.37570840757 -0.988074739919 -0.00106610434459 -0.0434712288095 0.147707223997
1430830468 828612732 -0.200658100834 -0.136198986197 1.3760718211 -0.988284073113 -0.000729439087523 -0.0430408939294 0.146429301027
1430830468 895290611 -0.200283077584 -0.136031127046 1.37442546149 -0.98786418168 -0.000729129171344 -0.0438007756686 0.149014492499
1430830468 966168065 -0.200085013492 -0.1359283306 1.37348012051 -0.987436217189 -0.00140201774477 -0.0444569660703 0.151628920387
1430830469 30611650 -0.200300326128 -0.136032375779 1.37450689809 -0.987650754232 -0.00140232235659 -0.0436679667022 0.150456405119
1430830469 101782347 -0.200336277782 -0.136095450768 1.37508892594 -0.988022196083 -0.0010660476513 -0.0429604237074 0.148207306112
1430830469 164691253 -0.200379212571 -0.136067022157 1.37480400073 -0.987863875735 -0.00106587682818 -0.043241704814 0.149177685626
1430830469 231759677 -0.200314668468 -0.136030635614 1.37445959049 -0.987784328128 -0.00106579099859 -0.0433823284271 0.149662816941
1430830469 294675123 -0.200162995243 -0.135998211946 1.37416045117 -0.98762445815 -0.00106561850346 -0.0436635415887 0.150632962055
1430830469 365202809 -0.199974457101 -0.135983848914 1.37407227143 -0.987301925498 -0.000728714177672 -0.0440697783856 0.152617926589
1430830469 426529711 -0.199936554679 -0.135948089624 1.37373577925 -0.987301925498 -0.000728714177672 -0.0438616370666 0.152677875532
1430830469 497805071 -0.200187931722 -0.136097617385 1.37517756899 -0.987678436266 -5.56231669212e-05 -0.0431084605325 0.150442560708
1430830469 565019966 -0.199661834315 -0.135465725892 1.37153635665 -0.988408496664 0.00331368067619 -0.0431011154126 0.145533353882
1430830469 629511846 -0.200263107439 -0.136171165684 1.37579415929 -0.987571244475 -0.00072891295836 -0.0431909173561 0.15111932514
1430830469 700235235 -0.199989431234 -0.136009739281 1.37433690989 -0.987356018772 -0.000728754103185 -0.0435609249323 0.152413932864
1430830469 760935926 -0.199945606841 -0.136015424805 1.37441600709 -0.987329096342 -0.00056045150829 -0.0435811642042 0.152583169244
1430830469 834516143 -0.199937019496 -0.135960612011 1.37386239636 -0.98743720609 0.00011269149716 -0.0432926905809 0.151965437756
1430830469 896846523 -0.199920506015 -0.135862710012 1.37345501187 -0.987651647541 0.000449391256964 -0.0428723925966 0.150685032801
1430830469 951625302 -0.200034877273 -0.135855925758 1.37440886686 -0.988793864579 0.00314643852846 -0.0414311678806 0.143388464056
1430830470 30678441 -0.200106546533 -0.13580297696 1.3743327624 -0.989197212691 0.0031477220215 -0.0406824899487 0.140797376615
1430830470 99165364 -0.200135499898 -0.135894812959 1.37470045841 -0.988872375126 0.00230395344636 -0.0416073491484 0.142810874966
1430830470 167492742 -0.199693024877 -0.135154503543 1.37173706649 -0.992715720875 0.00502015875334 -0.0339860478985 0.115478327326
1430830470 230629916 -0.199658811241 -0.135004659239 1.3710436449 -0.993046222795 0.00366774723487 -0.0330676285157 0.112925988889
1430830470 297806209 -0.199774461126 -0.134968368715 1.3712540672 -0.994562380118 0.00231721047219 -0.0291231362801 0.099960719898
1430830470 370286405 -0.200721232901 -0.13462586765 1.37804205233 -0.988976163402 -0.00039282303491 -0.0418062957154 0.142050088181
1430830470 437008779 -0.200481270421 -0.134345493782 1.37570904006 -0.988258236422 -0.000392537873078 -0.0431383640558 0.146576210909
1430830470 498351948 -0.200139933834 -0.134202594166 1.37434210031 -0.98799588111 -0.0010660192582 -0.0433106772089 0.148280773372
1430830470 564879063 -0.200017328058 -0.134177574503 1.37414539515 -0.987571244475 -0.00072891295836 -0.0439116223199 0.150911481333
1430830470 635222312 -0.199959530468 -0.134173515245 1.37413863188 -0.987571244475 -0.00072891295836 -0.0438087253168 0.150941383851
1430830470 681948092 -0.199883233223 -0.134136735616 1.3737856362 -0.987356018772 -0.000728754103184 -0.0441840255248 0.152234467189
1430830470 773471677 -0.199829187896 -0.13371501728 1.37255414898 -0.989809671805 0.00399320919267 -0.0406992480462 0.136398090491
1430830470 835320476 -0.199819839976 -0.1335510284 1.37227159198 -0.99112316225 0.00399850823376 -0.0381696988277 0.127286932849
1430830470 895646064 -0.200015744138 -0.133753037981 1.37407810708 -0.991655494629 0.00467674901307 -0.037257154457 0.123326446602
1430830470 969715741 -0.199781963173 -0.133461062368 1.37270632719 -0.992676283066 0.00468156315602 -0.0349096932118 0.115556018127
1430830471 33479240 -0.199673534136 -0.133568761085 1.37326836867 -0.992427312299 0.00468038898435 -0.0355768829185 0.117475142752
1430830471 99539361 -0.199610376026 -0.133713978648 1.37338904078 -0.990754132473 0.0046724980967 -0.0392999553863 0.129768756856
1430830471 167836728 -0.199365874569 -0.133549176403 1.3717690258 -0.990047887519 0.00466916737307 -0.0407678086585 0.134615619721
1430830471 235283138 -0.199491983731 -0.132730419286 1.37200202276 -0.991170899178 0.00332294174573 -0.0382457349658 0.126911269941
1430830471 300538693 -0.19964913879 -0.133571427777 1.37287203162 -0.991699353138 0.00467695585429 -0.0375784733213 0.122875454881
1430830471 367688756 -0.199568990474 -0.133768255941 1.37351836793 -0.990047887519 0.00466916737307 -0.0413181267684 0.13444772849
1430830471 439744442 -0.199488959016 -0.13402128176 1.37389237057 -0.988256359565 0.00196563523703 -0.0448840474324 0.146051108671
1430830471 502513930 -0.199110377498 -0.133970658474 1.37288733059 -0.987356247736 0.00028096954429 -0.046307310885 0.151602091247
1430830471 571489198 -0.198711192903 -0.133787713585 1.37094668409 -0.986644126516 -5.55649176148e-05 -0.0475319451562 0.155801407929
1430830471 636011042 -0.19875577586 -0.133849872122 1.37124024223 -0.986420834589 -0.000728063856407 -0.0478173621524 0.1571206762
1430830471 705665411 -0.198888157246 -0.133908376033 1.37202303363 -0.986865316916 -5.55773744125e-05 -0.0465068788882 0.15470602249
1430830471 768261243 -0.198769167553 -0.13391622868 1.3716976373 -0.986587969557 -0.00106450016196 -0.0466179137423 0.156428307169
1430830471 838245617 -0.198706203045 -0.133927396879 1.37179077389 -0.986671718246 -0.000560078351511 -0.0462877401175 0.156000166155
1430830471 906131030 -0.198591636165 -0.133824063563 1.37167135512 -0.987382978606 0.000785852815864 -0.0448364781204 0.151868121161
1430830471 968372880 -0.198668224064 -0.134095398643 1.37335455328 -0.987329230027 -0.000223886178888 -0.0446723165842 0.152267283226
1430830472 16569892 -0.198728782085 -0.134082088091 1.37323759011 -0.987247908531 -0.000392136569101 -0.0447883973425 0.152759329645
1430830472 85273096 -0.198435863567 -0.133749253008 1.37127099252 -0.987570172228 0.00162762181603 -0.04473405955 0.150669737137
1430830472 172945895 -0.198700059926 -0.133836840502 1.37279279439 -0.988717939937 0.00297767594284 -0.0428205591152 0.143507381032
1430830472 233901815 -0.198861938777 -0.134164031706 1.37413590636 -0.987678397841 0.000281061217755 -0.0443378094528 0.150084849652
1430830472 303804505 -0.198746495647 -0.134194521173 1.37427895414 -0.987678359919 -0.000392307545133 -0.0442354759226 0.150115042923
1430830472 367601604 -0.198687230745 -0.134219527692 1.37453306582 -0.987837885648 -0.000392370909027 -0.0439499509505 0.149146101309
1430830472 434650433 -0.198909054071 -0.134421103529 1.37644088348 -0.988671237575 -0.000392701917848 -0.0424263821089 0.143975803098
1430830472 506206824 -0.198569638671 -0.133985589754 1.37413087919 -0.989373688082 0.00230512144513 -0.0422316931135 0.139107425547
1430830472 571408083 -0.198627744408 -0.133777807414 1.37412183773 -0.991875171697 0.00433966305238 -0.0373487182293 0.121531412982
1430830472 641132488 -0.198535711022 -0.133800104535 1.37419446932 -0.991743096409 0.00467716215205 -0.0376884304193 0.122488110003
1430830472 688533552 -0.198993739652 -0.132732115725 1.37752573923 -0.988925438341 -0.000729912470509 -0.0424835183955 0.142200897656
1430830472 768858106 -0.198217287124 -0.132644796454 1.37358327568 -0.989374416379 0.0019678590445 -0.0419945339764 0.139179204128
1430830472 838821526 -0.198336716284 -0.13245856534 1.37426702325 -0.987943738565 -5.5638107972e-05 -0.0446193993555 0.148243973016
1430830472 902434589 -0.197801043611 -0.133037919635 1.36992594385 -0.992134558731 0.00400258853105 -0.0372008682038 0.119453304946
1430830472 968065769 -0.19892163275 -0.132697892023 1.37719594064 -0.988568752898 -5.56733069551e-05 -0.0438478238775 0.14425389435
1430830473 36370036 -0.197666118617 -0.132673862727 1.368807905 -0.991444652089 0.00129603840114 -0.0377884896055 0.124931389899
1430830473 104065061 -0.198534164469 -0.133497974213 1.37440028315 -0.99517070749 0.00537182127051 -0.0290154110433 0.0936189746358
1430830473 168799470 -0.198508856826 -0.133848585438 1.37453486876 -0.992131599312 0.00467899437158 -0.0371194199757 0.11947863959
1430830473 240517573 -0.198391949554 -0.133911022185 1.37416142423 -0.990338940573 0.00332015256984 -0.0413100115232 0.132330050705
1430830473 312127950 -0.198201575074 -0.133798609309 1.3730174817 -0.98986062818 0.00331854900761 -0.0425005595254 0.135494008914
1430830473 366977228 -0.198518289299 -0.134137929559 1.374972191 -0.989275073269 0.00196766145172 -0.0444715032208 0.13911593409
1430830473 434195193 -0.19836094242 -0.134152652602 1.37392648507 -0.987731458814 -0.000729031210393 -0.0471438230277 0.148874086844
1430830473 506474161 -0.198432737839 -0.134202295215 1.37431003408 -0.987890640163 -0.000729148699991 -0.0468388531754 0.147911031552
1430830473 577687862 -0.198326457582 -0.134121448268 1.37371153501 -0.987731649941 -0.000392328712021 -0.0470930714032 0.148890148798
1430830473 634997451 -0.198391868625 -0.134199664927 1.37428396679 -0.987784634048 -0.000729070458313 -0.0468395703559 0.148617091357
1430830473 706844536 -0.1984619403 -0.134234671122 1.37463111931 -0.98794347103 -0.000729187693738 -0.0465358976563 0.147653569425
1430830473 769805123 -0.198712172379 -0.134289516675 1.37567507507 -0.988671122187 0.000618366567252 -0.0449228806425 0.143216495458
1430830473 843053022 -0.198120835581 -0.13342781268 1.37175511524 -0.992046072222 0.00467859101705 -0.0387913989878 0.119657547777
1430830473 906626445 -0.198228619747 -0.13379670201 1.37371593106 -0.990614955199 0.0046718417224 -0.0423034233488 0.129886892346
1430830473 976555627 -0.197896574999 -0.133828804662 1.3727688511 -0.988460178968 0.00331385394326 -0.0474885175174 0.143806584238
1430830474 39698368 -0.198306680081 -0.134325596355 1.37568011182 -0.987837962006 -5.56321509445e-05 -0.0474455418615 0.148071193288
1430830474 109871141 -0.197996998781 -0.134105117619 1.37398448493 -0.987517839172 0.000281015527969 -0.0479085427072 0.15004402648
1430830474 173761729 -0.197965602472 -0.133924097114 1.3736355017 -0.988564271309 0.00297721314616 -0.046251117928 0.143501399939
1430830474 233161972 -0.198043139013 -0.134110139598 1.3745318789 -0.987995114388 0.00162832216639 -0.0475883602963 0.146963772666
1430830474 307951764 -0.197741400148 -0.133946426194 1.37262211787 -0.986920251555 -0.000392006423185 -0.0493485102323 0.153469827458
1430830474 381098755 -0.197815688589 -0.134081129587 1.37362287149 -0.987247946437 0.000280938725255 -0.0486271641171 0.151581041822
1430830474 443800308 -0.197234201841 -0.133673393652 1.37105959238 -0.987029546358 0.000953803247739 -0.0493508711331 0.152762090826
1430830474 491150708 -0.197267298001 -0.134016193526 1.37266313752 -0.986306724923 -0.00207284972388 -0.0493558765693 0.157349118565
1430830474 574208418 -0.196902577699 -0.133536449876 1.36981393206 -0.986588503893 0.000280751069308 -0.0493302561805 0.155594251149
1430830474 643806305 -0.196365850197 -0.13262690437 1.36532382072 -0.989523182193 0.00163084058641 -0.0441923305008 0.137434530546
1430830474 709059156 -0.197140828199 -0.132568655518 1.37177395667 -0.988100201978 0.00162849536204 -0.0470814688199 0.146419514232
1430830474 778121639 -0.197252196872 -0.132244716328 1.37300611284 -0.986698068187 -0.00173732072857 -0.0483869124453 0.155185729551
1430830474 842998716 -0.196793794244 -0.132079651591 1.37142113069 -0.986699519837 -0.000391918748167 -0.0477517042434 0.15538236288
1430830474 904242946 -0.197022392791 -0.132261990627 1.37321493509 -0.987301925498 -0.000728714177672 -0.046612742305 0.151860558204
1430830474 981893292 -0.196611249908 -0.131851912115 1.37136292682 -0.988356699505 0.00331350702405 -0.0460225111205 0.144989598539
1430830475 43410284 -0.196582857551 -0.131846707883 1.37178773428 -0.989268979591 0.00399102786713 -0.0444715032208 0.13911593409
1430830475 110797230 -0.197035473937 -0.132156582598 1.37438541841 -0.989469696267 0.00331723839208 -0.0443425411089 0.1377405356
1430830475 174044527 -0.196536901053 -0.131340256645 1.37091676882 -0.993520437285 0.00333081867015 -0.0348130571626 0.108139250018
1430830475 245648752 -0.197762452526 -0.131227249875 1.38046584143 -0.990058703943 0.000619234433368 -0.0427365593865 0.134003603636
1430830475 309196357 -0.197578997516 -0.131034523946 1.3788669329 -0.989276760635 -0.000730171776736 -0.0441868755072 0.139206600954
1430830475 376495235 -0.197291696632 -0.130816557863 1.37676863825 -0.988568485194 -0.000729649008227 -0.0454187498292 0.14376701589
1430830475 438648802 -0.197204972438 -0.130768998459 1.37629777393 -0.988671313998 -5.56790828972e-05 -0.0451181200231 0.143155108264
1430830475 508891714 -0.197302351736 -0.130792998149 1.3765499763 -0.988465655895 -0.00039262026045 -0.045474065352 0.144456229864
1430830475 575551356 -0.197119836802 -0.130693719718 1.37556825252 -0.988362252258 -5.56616774422e-05 -0.0456269426841 0.145114566173
1430830475 641196614 -0.197101663349 -0.130639216378 1.37503186514 -0.988101542378 -5.56469950229e-05 -0.0461321568948 0.146721378655
1430830475 712794473 -0.197361612207 -0.130848745692 1.37710025799 -0.988722154477 -0.000729762429444 -0.044822009504 0.142894912987
1430830475 771992249 -0.197239837363 -0.130835842811 1.37694195378 -0.988874981082 -0.00039278284512 -0.0444709805225 0.141945233816
1430830475 842073340 -0.197417790227 -0.130932191228 1.37789354029 -0.989127074956 -0.000392882977241 -0.0439670178258 0.140336654424
1430830475 908968241 -0.197318193633 -0.130834674925 1.37693052374 -0.988722345796 -0.000392722218121 -0.0447732962227 0.142910183818
1430830475 963492766 -0.197110009811 -0.130674594123 1.37535856554 -0.988258236422 -0.000392537873079 -0.0455805457283 0.145835242342
1430830476 41841722 -0.197150828153 -0.130687161422 1.37550795965 -0.988336286621 -0.000224114538432 -0.0454050184011 0.145360650197
1430830476 113171025 -0.197277362805 -0.130803924539 1.37665007667 -0.988747909398 -0.000224207877764 -0.0446012446293 0.142787430711
1430830476 178413780 -0.197399350932 -0.130847617545 1.37708522414 -0.988696724751 -0.000561227834449 -0.0445553601477 0.143154781173
1430830476 238472985 -0.197226943486 -0.130684168172 1.37547895057 -0.988127718713 -0.0002240672437 -0.0456067778812 0.146709178707
1430830476 307713089 -0.196981656154 -0.130445378584 1.37362137537 -0.987917236774 0.000449512102689 -0.045703906875 0.148089446347
1430830476 382895855 -0.196923415302 -0.13030078742 1.37256126795 -0.987811134824 0.000786193583102 -0.0459532179733 0.148717334479
1430830476 444108379 -0.196931702141 -0.130358660447 1.37315403134 -0.988074676639 0.00112322311262 -0.0454059476062 0.147124001023
1430830476 508002036 -0.197080384701 -0.130587127536 1.37460783017 -0.988075289664 -0.00022405535492 -0.0448037416839 0.147308507854
1430830476 583518568 -0.197193818164 -0.130740473567 1.3760555477 -0.98849150668 -0.000224149736039 -0.0436246403195 0.144849514104
1430830476 649828458 -0.197029803416 -0.130595972117 1.37477060573 -0.988232251308 0.000112782231877 -0.0440605078335 0.146477562801
1430830476 711252445 -0.197221214615 -0.130696623001 1.37563767027 -0.98823209853 -0.000560964092129 -0.0438607391429 0.146537504812
1430830476 764810623 -0.197082285483 -0.1304830444 1.37471695077 -0.988949909246 0.00146133645206 -0.043185167475 0.141813196875
1430830476 846747939 -0.19720087229 -0.130731569192 1.37593476365 -0.9883361528 -0.000561023157918 -0.0436675355835 0.145892017115
1430830476 907595080 -0.197162382585 -0.1306052455 1.37555170359 -0.989001151934 0.000787140711335 -0.0426043884201 0.141636746539
1430830476 969969677 -0.197241575271 -0.130802560177 1.37661934512 -0.988696724751 -0.000561227834449 -0.0429911638757 0.143632278124
1430830477 45574223 -0.197040901035 -0.130648211121 1.37509784146 -0.988284316899 -0.00022410275381 -0.0436145899491 0.14625944856
1430830477 93445437 -0.197264442418 -0.130820631792 1.3767878752 -0.988899989633 -0.000898444200181 -0.0423618851795 0.142413040086
1430830477 160076040 -0.197164147094 -0.130512031026 1.37526814958 -0.989300273168 0.001799092339 -0.0428304797695 0.139453514758
1430830477 232580091 -0.197187352196 -0.130655081058 1.3760006295 -0.989101433796 0.00112439030918 -0.0431305216758 0.140772325081
1430830477 295342755 -0.197021237361 -0.130414042961 1.37523307641 -0.990826954997 0.00382843176992 -0.0402754271689 0.128938661108
1430830477 357834212 -0.197133959348 -0.130733677565 1.37668638572 -0.989499266491 0.00112484255727 -0.0434693457571 0.137841765525
1430830477 426390389 -0.19686672549 -0.130320663971 1.37496315727 -0.991007381788 0.00450477923661 -0.0413493213511 0.127178260048
1430830477 494310289 -0.196949625383 -0.130350682601 1.37527840415 -0.991278827719 0.0045060131366 -0.0408078953655 0.125222590761
1430830477 560587611 -0.196932042743 -0.130367640104 1.37540050553 -0.991302014681 0.00433715536956 -0.0407768593289 0.125054997966
1430830477 629986826 -0.197210898144 -0.130627852798 1.37721724155 -0.990942351418 0.0036599767321 -0.0418757195015 0.127539346292
1430830477 699036747 -0.197012753017 -0.130564409543 1.37641791015 -0.990712115242 0.00365912637078 -0.0424025428083 0.129143872756
1430830477 758813732 -0.196637016646 -0.130327182718 1.37423324633 -0.990101222527 0.00331935561018 -0.0438171452015 0.13329894529
1430830477 842852686 -0.195997931434 -0.129633718282 1.37067980228 -0.992346359462 0.00400344300303 -0.0386211329791 0.117222367291
1430830477 911602321 -0.196793230211 -0.129107846961 1.37565875282 -0.989225229278 0.00196756231235 -0.0462819363137 0.138879648727
1430830477 983188029 -0.196866215581 -0.128910618952 1.37582847255 -0.988722422223 -5.56819611642e-05 -0.0468631943399 0.142238566183
1430830478 42936868 -0.19670266162 -0.128821259208 1.37493974185 -0.988465655895 -0.000392620260451 -0.0473414283525 0.143855073347
1430830478 113728027 -0.197034689927 -0.129018045579 1.37696400124 -0.989276990045 0.000281516125214 -0.0453715913191 0.138824984846
1430830478 184441403 -0.196794335486 -0.128912342421 1.37584123553 -0.988722345796 -0.000392722218122 -0.0464265920217 0.142381671035
1430830478 245189222 -0.196758864483 -0.129195411366 1.37549275537 -0.989324074045 0.0023050058504 -0.0455500158977 0.138411558458
1430830478 316080146 -0.196783197672 -0.129227012784 1.37565933625 -0.99038901661 0.00230748703822 -0.0432294554898 0.131360136495
1430830478 369859710 -0.197026223358 -0.129049559869 1.3771710963 -0.98907696249 -5.5701927838e-05 -0.0456472924666 0.140153786459
1430830478 427379820 -0.197182475714 -0.129067752234 1.3774260376 -0.989227184441 -5.57103878998e-05 -0.0453340293148 0.139191954672
1430830478 512294856 -0.196986025618 -0.128971991948 1.37644281148 -0.988976239848 -5.56962554326e-05 -0.0458561080665 0.140794926282
1430830478 582376932 -0.196815606757 -0.128890874085 1.37566206608 -0.988568485194 -0.000729649008229 -0.046593407869 0.143390627438
1430830478 652730157 -0.196768142021 -0.128881782769 1.37556611366 -0.988722345796 -0.000392722218122 -0.0462324060358 0.1424448431
1430830478 701365519 -0.196582613803 -0.128688840175 1.37415228236 -0.988517261577 0.000281299931147 -0.0467465323382 0.143695184849
1430830478 769855465 -0.196493732215 -0.128410226733 1.3728040753 -0.989421385566 0.0029797944774 -0.0452452213127 0.137801714639
1430830478 831642551 -0.196485237897 -0.127521311826 1.37241557825 -0.993011478528 0.00163658967379 -0.0363533123133 0.11226736734
1430830478 902978010 -0.197515115945 -0.127547948441 1.3794061745 -0.990391664589 0.000281833325412 -0.0424226310625 0.13162291463
1430830478 966832142 -0.196451266499 -0.127758554051 1.37212650318 -0.993245334878 0.00366848264151 -0.0359531514396 0.110261588414
1430830479 32478708 -0.19661393382 -0.128163888301 1.37373044442 -0.993932313322 0.00502631105564 -0.0342055523231 0.10441873837
1430830479 100874592 -0.196573865363 -0.128117482337 1.37360501768 -0.994661514765 0.00435185389091 -0.032162044407 0.0979547615636
1430830479 166848514 -0.196665164397 -0.127832750382 1.37387824906 -0.994092571727 0.00163837143161 -0.0335726122536 0.103199584704
1430830479 235565240 -0.197387818525 -0.127711310557 1.37853404934 -0.99148858774 0.00163407978605 -0.040273395637 0.123797268826
1430830479 298896498 -0.197398757948 -0.127333040442 1.37828479332 -0.989622679565 0.000281614497231 -0.0438925353336 0.136822213569
1430830479 369655156 -0.197330646557 -0.127310637775 1.37807428168 -0.98942579456 -0.000393001629183 -0.0440221236337 0.138197305472
1430830479 433007218 -0.197333825654 -0.127285399598 1.37783926731 -0.989475255272 -5.57243585255e-05 -0.0438727480825 0.137890891922
1430830479 501291771 -0.197289700325 -0.127269486238 1.37765584949 -0.989401111942 -0.000224355997579 -0.044002556401 0.138380505787
1430830479 563342714 -0.197119681295 -0.127180982892 1.37675465665 -0.989152178913 -0.000224299549676 -0.0445135110789 0.139987370764
1430830479 633098933 -0.197271630009 -0.127217040729 1.37713223828 -0.989227107975 -0.000392922710529 -0.044336459927 0.139512912594
1430830479 704731311 -0.19711792015 -0.126931693915 1.37590903925 -0.990104099344 0.00230682321533 -0.0428617998813 0.133609195567
1430830479 767439865 -0.197048083408 -0.126783325924 1.3757589219 -0.991571695688 0.00366230117144 -0.0400642697238 0.123154432122
1430830479 838498406 -0.196965605736 -0.126555956054 1.37561016277 -0.992512301836 0.0043424506311 -0.0378418076619 0.116053743669
1430830479 899278734 -0.196866302278 -0.126618019757 1.37528192013 -0.992919447231 0.00502118899657 -0.0368696453794 0.112811294739
1430830479 971296302 -0.197388108136 -0.125569788975 1.37874523602 -0.989817686638 0.000281669989916 -0.0433878864987 0.135566807097
1430830480 31948853 -0.197150787397 -0.125390792637 1.37705783098 -0.989326681192 -0.000392962261182 -0.0443215012725 0.138809826699
1430830480 123545434 -0.197069060958 -0.125260411543 1.37645289735 -0.989670798324 0.00129371958022 -0.0437429509137 0.136515901929
1430830480 170745814 -0.197156550946 -0.125391715804 1.37705703404 -0.989425871041 -5.57215773486e-05 -0.044069230411 0.138182290978
1430830480 230656289 -0.197215638164 -0.125416955693 1.37733329183 -0.989475255272 -5.57243585243e-05 -0.0439667476474 0.137860948787
1430830480 303616369 -0.196719440113 -0.124843542041 1.37410789598 -0.990433222272 0.00332046865316 -0.0430792448818 0.131054131442
1430830480 371963146 -0.196902056293 -0.125004460745 1.37555465405 -0.99098674796 0.00399795789483 -0.0419004187121 0.127175613272
1430830480 433787372 -0.196838114886 -0.124806753332 1.374561553 -0.991611520888 0.0046765416284 -0.0405036400406 0.122654705346
1430830480 498583693 -0.196779151306 -0.124644947337 1.37410237761 -0.992799211272 0.00468214289805 -0.0375339596669 0.113661803206
1430830480 567201895 -0.197175081296 -0.125125763069 1.37698132253 -0.991873634744 0.00467777778422 -0.0398675813812 0.120728567662
1430830480 633852044 -0.197129983001 -0.125260025242 1.3774653331 -0.991126733071 0.00298493039335 -0.0422280817578 0.125998723381
1430830480 702964187 -0.196816927653 -0.125137420071 1.3759763149 -0.990199532035 0.002307045562 -0.044464619265 0.132372436454
1430830480 774009493 -0.196632156636 -0.125223328118 1.3752499597 -0.988925629699 -0.000392802962839 -0.0468735152768 0.140814836558
1430830480 842540965 -0.196628236229 -0.125206989575 1.3753615941 -0.989001439747 -0.000224265368153 -0.0466898829523 0.140342996664
1430830480 898152919 -0.197101862825 -0.125309839594 1.37714808558 -0.990081775585 0.00146300897109 -0.0445743874618 0.133225602798
1430830480 965848393 -0.197052169754 -0.12540999017 1.37718342556 -0.989301749651 -0.000561571273247 -0.0456263444508 0.138563954432
1430830481 34934240 -0.196872430503 -0.125299289341 1.37609628518 -0.98925209699 -0.000224322207038 -0.045589762112 0.138930960804
1430830481 99466424 -0.196457694882 -0.124894660668 1.37374769245 -0.98983887917 0.0024749166936 -0.0446959040442 0.134963492219
1430830481 166032656 -0.196894391478 -0.125391194633 1.37703989056 -0.989351555255 -0.000224344760134 -0.0453794679112 0.138290106937
1430830481 228716575 -0.196770681955 -0.125309468519 1.37619652911 -0.989101913534 -0.00056145783746 -0.0455712237715 0.140001260611
1430830481 302141587 -0.196902601343 -0.125348048482 1.37662181078 -0.989351555255 -0.000224344760134 -0.0450021718724 0.138413345857
1430830481 367390800 -0.196749034814 -0.125170179608 1.37496265899 -0.988900372339 -0.000224242450169 -0.0458441175331 0.141330535236
1430830481 434624208 -0.197030650136 -0.12532315319 1.37638855495 -0.989202195425 -0.00022431089139 -0.0452199502182 0.139406321064
1430830481 504518825 -0.197065090659 -0.125391290703 1.37708541012 -0.989450572654 0.000112921273079 -0.0446526888726 0.137817592852
1430830481 566800572 -0.196795055222 -0.125269552628 1.37577831305 -0.989102047458 -0.000224288181897 -0.0453325363112 0.140078729864
1430830481 634252099 -0.19687408926 -0.125319567818 1.37632481978 -0.989227160577 -0.000224316552472 -0.0450729836096 0.139276705187
1430830481 702273314 -0.197106862428 -0.125435550814 1.37752882873 -0.989622713189 0.000112940918657 -0.0441955911627 0.136724622895
1430830481 768010601 -0.197030723804 -0.125347948632 1.37659530802 -0.989277004666 -0.000224327855088 -0.0448744070733 0.138986493251
1430830481 833333723 -0.19706140809 -0.125353467389 1.37668139687 -0.989277004666 -0.000224327855088 -0.0446848519844 0.139047552008
1430830481 901900082 -0.197224389548 -0.125432151395 1.37750761271 -0.989475231402 -0.000224372804862 -0.0442721048701 0.137763191127
1430830481 969599381 -0.197242878841 -0.12544281587 1.37759973627 -0.989573654917 -0.000224395123319 -0.0440657003978 0.137120914487
1430830482 32837384 -0.196999081026 -0.125326170788 1.37638381583 -0.989227179568 0.000112895778292 -0.0447405145976 0.139383861379
1430830482 100907430 -0.197117019542 -0.125359304824 1.37673599753 -0.989326752791 0.000112907142109 -0.044345159696 0.138802270423
1430830482 171248576 -0.197403028091 -0.125431245264 1.37789797411 -0.989769141014 0.000112957629767 -0.0434212445017 0.135910375851
1430830482 234428513 -0.196841394609 -0.1245070666 1.37207066629 -0.990710114719 0.00416570365405 -0.0426005970617 0.129078676152
1430830482 302643483 -0.196944159317 -0.124587271693 1.37246515135 -0.990193466302 0.00416353126865 -0.0437645840695 0.132605525829
1430830482 370590510 -0.197037452613 -0.124695147798 1.37340767701 -0.99043139495 0.00382690337523 -0.0433695220896 0.130958356973
1430830482 436772203 -0.196965478486 -0.124744093347 1.37318975291 -0.989858801914 0.00382469094716 -0.0446428641871 0.134803333374
1430830482 500957955 -0.196873688815 -0.124559007392 1.37254812943 -0.990663722187 0.00416550858434 -0.0428828403307 0.129341022444
1430830482 569191271 -0.196827283742 -0.124414821108 1.37255339423 -0.992596018015 0.00417363343506 -0.0382020175545 0.115222964986
1430830482 638167707 -0.197129962755 -0.12398677306 1.37493512397 -0.991577376342 0.00146521896765 -0.0404209433822 0.123037828313
1430830482 702131804 -0.197554113879 -0.123708165706 1.37834112553 -0.989817720269 0.000112963173886 -0.0442419518913 0.135290493288
1430830482 770580321 -0.197477426318 -0.123629945551 1.37772004439 -0.989425713204 -0.000561641640422 -0.044986782275 0.137886301095
1430830482 837921278 -0.197267746116 -0.123543881116 1.37681596782 -0.989376347969 -0.000224350382114 -0.0449500321595 0.13825297955
1430830482 901786368 -0.197364847841 -0.123634721083 1.37776189664 -0.989671618469 -0.000224417337474 -0.0443242541832 0.136328271922
1430830482 979311126 -0.197357025678 -0.123618489332 1.37756975303 -0.989622694191 -0.000224406243434 -0.0444285634598 0.136649096348
1430830483 38838333 -0.197274505166 -0.123577336558 1.37713748469 -0.9894998804 -0.000224378394253 -0.0446893140378 0.137451087862
1430830483 104246016 -0.197356797791 -0.123550865847 1.3768877731 -0.989251963046 -0.000561543012175 -0.0451633133771 0.139070174388
1430830483 187153373 -0.197395733005 -0.123639504807 1.37784612521 -0.989548958173 -0.000561711599698 -0.0445382694899 0.137145493582
1430830483 253388226 -0.197244907293 -0.123556277327 1.37693573349 -0.989450553659 -0.000224367208951 -0.0446996661751 0.13780236343
1430830483 321904703 -0.197221640325 -0.123567198471 1.37703876984 -0.989524524523 -5.57271332237e-05 -0.0445201495996 0.137328687976
1430830483 391477642 -0.197225319371 -0.123570034558 1.37706410601 -0.989524524523 -5.57271332235e-05 -0.0444733337763 0.137343856231
1430830483 453716053 -0.197224487645 -0.123569352067 1.37705712826 -0.989524524523 -5.57271332235e-05 -0.0444265127851 0.137359008526
1430830483 522137639 -0.197209910596 -0.123510091182 1.37641897353 -0.989326681192 -0.00039296226118 -0.0447944241928 0.13865793531
1430830483 585691068 -0.197418212844 -0.123576798047 1.37717262637 -0.989351421297 -0.000561599469061 -0.044718980057 0.138505099571
1430830483 654297810 -0.197199516043 -0.123513139949 1.37648469707 -0.989401111942 -0.000224355997577 -0.0445682481053 0.138199350985
1430830483 725027246 -0.197432362447 -0.1235866507 1.37726469852 -0.989351421297 -0.000561599469061 -0.0446245411551 0.138535555404
1430830483 774114366 -0.197401542444 -0.123536239125 1.37677957518 -0.98905166715 -0.000561429315396 -0.0452448658688 0.140461334954
1430830483 839049475 -0.197267559034 -0.123262616686 1.37435341889 -0.9883361528 -0.000561023157917 -0.0466915496592 0.144952521579
1430830483 907408511 -0.197550707898 -0.121595568405 1.37472590353 -0.986947021536 -0.00123310532712 -0.0494798949743 0.153250762237
1430830483 976301051 -0.197548360206 -0.121523724132 1.37306754764 -0.985365605199 -0.000559336944182 -0.0527036171128 0.162100709362
1430830484 41531354 -0.196859338726 -0.122349648263 1.36792733928 -0.988334007651 0.00213424433479 -0.0474814446186 0.14469570394
1430830484 109257596 -0.196957092389 -0.122522644169 1.36998409411 -0.98884738611 0.00213535294287 -0.0464307260325 0.141493727533
1430830484 181186143 -0.197330209543 -0.123287693683 1.37420002993 -0.988126972867 -0.00123457957472 -0.0466059282654 0.146394838556
1430830484 239565067 -0.19730016138 -0.123261654734 1.37402116909 -0.987916089796 -0.00157108217705 -0.046964267317 0.147694579516
1430830484 312054025 -0.197192501388 -0.123053226242 1.37303365752 -0.988232155445 0.000449655393796 -0.0470470002954 0.145545815872
1430830484 374238264 -0.196864025196 -0.122511480185 1.37063923593 -0.990220992574 0.00315097978896 -0.0432599501975 0.132593491168
1430830484 441030735 -0.197491289536 -0.121448714471 1.37398039671 -0.987702547783 -0.00224413033323 -0.047677032403 0.148880964409
1430830484 507433353 -0.197406576963 -0.121432319484 1.37395672786 -0.987755780284 -0.00224425128126 -0.047574345017 0.148560302734
1430830484 574629754 -0.197273046182 -0.121376714782 1.37333290449 -0.987809605684 -0.00190764298425 -0.0473200294825 0.14828809334
1430830484 642897548 -0.197342074922 -0.121473390194 1.37434788492 -0.988178808768 -0.00157149997883 -0.0465535355444 0.146058004291
1430830484 709308221 -0.197274773227 -0.121375854975 1.37331212134 -0.987703848215 -0.00157074464943 -0.0474739832209 0.148945835454
1430830484 776975524 -0.196733310484 -0.120713873049 1.3695059891 -0.988744844198 0.00247218125305 -0.0467862430339 0.142086483715
1430830484 842836071 -0.196772338033 -0.120719348572 1.37014475759 -0.989544107676 0.00314882587518 -0.0451922708639 0.136931378848
1430830484 907877584 -0.197373962026 -0.119708500295 1.37490442154 -0.988542634409 -0.000898119532638 -0.0463272905929 0.14365387389
1430830484 976355282 -0.197482510558 -0.119784467885 1.37567727222 -0.988721173528 -0.00157236250108 -0.0458680759153 0.142562576805
1430830485 46459013 -0.197401457251 -0.11968001904 1.37456536029 -0.988309091783 -0.0015717071678 -0.0466937280081 0.145128786256
1430830485 109894492 -0.197079064082 -0.119194205419 1.37186234209 -0.98887397949 0.00146122425333 -0.0467634304687 0.141206583
1430830485 193246918 -0.197044152342 -0.11917177084 1.37175310817 -0.989075328562 0.00179868326591 -0.0463871840285 0.139910644078
1430830485 258062763 -0.1968544516 -0.118661573844 1.37034583577 -0.990339492082 0.00315135686595 -0.0438060342873 0.131524867351
1430830485 328033996 -0.197573260557 -0.117928318142 1.37521175387 -0.98835970272 -0.00224562343592 -0.0472810869816 0.144584072525
1430830485 393103922 -0.197468540564 -0.117840112882 1.37436710374 -0.988150542268 -0.002581995543 -0.0476501962518 0.145881108826
1430830485 459665698 -0.197476922364 -0.117826510001 1.37426042086 -0.987993083433 -0.00258158410973 -0.0479639370323 0.146841626443
1430830485 514225281 -0.197385588204 -0.117736031191 1.37324857768 -0.987834591335 -0.00258116997658 -0.0482776276511 0.14780199049
1430830485 598948214 -0.196883736113 -0.117121699683 1.36952239996 -0.988670236189 0.00146092318904 -0.0479637233904 0.142226970069
1430830485 659344198 -0.197347208961 -0.117737510877 1.37340307965 -0.988100294467 -0.00157137511759 -0.0479042703896 0.146152385313
1430830485 727702996 -0.197422589213 -0.117780421168 1.37376363536 -0.987833654059 -0.00291790743892 -0.0482272414218 0.147818439003
1430830485 777182370 -0.197383036544 -0.117781362716 1.37376449011 -0.987993906052 -0.00224479231991 -0.0478137438217 0.146890600155
1430830485 842299713 -0.197222998563 -0.117553649833 1.37298075788 -0.988722398371 -0.000224202092897 -0.0470328652336 0.142182552662
1430830485 910599113 -0.19685446277 -0.11707159988 1.37078232934 -0.990852344099 0.00315298881109 -0.0435039391702 0.127707079408
1430830485 978463866 -0.196910336761 -0.11654205651 1.3712213486 -0.98972004472 -0.000899189243909 -0.0459318021844 0.135438894286
1430830486 45067326 -0.197315326979 -0.116572281717 1.37448635734 -0.988413643345 -0.00089800234053 -0.0487472007799 0.143740647202
1430830486 126245208 -0.197366813447 -0.116161166718 1.37463949263 -0.988773257822 -0.000561271277991 -0.0479413361149 0.141522994182
1430830486 199079889 -0.196828442189 -0.117156801977 1.37116115947 -0.990338360294 0.00348894817728 -0.0453720974008 0.130992870604
1430830486 261032173 -0.197148076431 -0.117247673639 1.3724036551 -0.990990812583 0.00281561283795 -0.0442557475193 0.126375276502
1430830486 330650527 -0.197753322817 -0.116241801459 1.37643382628 -0.988464962355 -0.00123500186348 -0.0490787678312 0.143271656354
1430830486 395149472 -0.197478239378 -0.116028168905 1.37443702723 -0.98828139433 -0.00241389141367 -0.0492393751233 0.144462945723
1430830486 449398495 -0.19744908123 -0.116034782566 1.37449908698 -0.988360410794 -0.00190870669075 -0.0489045151898 0.144043061646
1430830486 512913701 -0.19740545518 -0.116031937625 1.37446300373 -0.988412801402 -0.00157187209713 -0.048551159621 0.143806982241
1430830486 580098100 -0.197430453584 -0.11604811345 1.37462870743 -0.988464483931 -0.00157195428781 -0.048443379648 0.143487741408
1430830486 651441914 -0.197310234042 -0.116002988247 1.37409920412 -0.988568346471 -0.000898142892789 -0.0481304014292 0.142882056789
1430830486 711491870 -0.197534096683 -0.11606217017 1.37477676961 -0.98841067707 -0.00258267526423 -0.0478152043024 0.144053356363
1430830486 784908680 -0.197375619204 -0.115938379989 1.37343727722 -0.987993906052 -0.00224479231991 -0.0485142151159 0.146660742681
1430830486 848171559 -0.197304715832 -0.115881803605 1.37282199293 -0.987834591335 -0.00258116997658 -0.0487811804299 0.147636561055
1430830486 913821978 -0.197385368263 -0.11591997462 1.37325880941 -0.987885547385 -0.0032548190031 -0.04857508453 0.147349966353
1430830486 981359105 -0.197368393215 -0.115932807966 1.3733770798 -0.987993083433 -0.00258158410973 -0.047863813789 0.146874292651
1430830487 47090369 -0.197167535514 -0.115786189301 1.37173183733 -0.987568142146 -0.00258047375613 -0.0484946575464 0.149501752372
1430830487 111660780 -0.197004645258 -0.115446794762 1.37025404979 -0.988258288972 -0.000224096851731 -0.0476884905645 0.145159608451
1430830487 181586862 -0.197412836717 -0.114155122137 1.37219946712 -0.986810186453 0.000112619938402 -0.0505777768401 0.15377753971
1430830487 249552693 -0.197500491563 -0.114213174185 1.37298988807 -0.987029981829 -0.000223818321546 -0.050313256976 0.152447830577
1430830487 315936742 -0.197362010791 -0.114289553768 1.37319231644 -0.985912567225 -0.000223564937287 -0.05242107877 0.158834474556
1430830487 380419278 -0.196597547481 -0.115093392339 1.36776582466 -0.988516662888 0.00112372555356 -0.0475540160339 0.143429982896
1430830487 448615001 -0.197389512309 -0.114488779842 1.37371511006 -0.986920227244 0.000449058453505 -0.0508371497648 0.152983161184
1430830487 516900760 -0.197174984711 -0.11392343925 1.37138223761 -0.987564986806 -0.00359041260193 -0.0489530942336 0.149352269275
1430830487 582245507 -0.197252841925 -0.113943082226 1.37148939872 -0.987350928751 -0.0032530575775 -0.049218395257 0.150682151167
1430830487 648026961 -0.197503874683 -0.114080678714 1.37287943304 -0.98778153105 -0.0025810313323 -0.0484831538109 0.148089057635
1430830487 714276380 -0.19726598844 -0.113952344781 1.37159481275 -0.987511352841 -0.00359021760913 -0.0493639683371 0.149571511247
1430830487 779345670 -0.19729556374 -0.114044966412 1.37261596811 -0.987940367532 -0.00258144636531 -0.0481688253469 0.147128959077
1430830487 854217277 -0.197396786848 -0.114122866573 1.37295338471 -0.9875160377 -0.00190707605019 -0.0493129788423 0.149588329974
1430830487 930541500 -0.197173206851 -0.113902675056 1.37109419773 -0.987350928751 -0.00325305757751 -0.0494238103501 0.150614899935
1430830488 1704589 -0.197374817294 -0.113986342372 1.37197950549 -0.98767307712 -0.00325411897033 -0.0487940655297 0.148695805627
1430830488 64198308 -0.197488469588 -0.114102028307 1.37325845937 -0.988043694762 -0.00325534005647 -0.04805910544 0.146456076647
1430830488 132791697 -0.197509151719 -0.114124844891 1.37352224747 -0.987992146007 -0.00291837559956 -0.0480139902965 0.146825267743
1430830488 202979924 -0.197403103816 -0.114211480976 1.37315697767 -0.986532074948 -0.00123258688709 -0.0515267330826 0.155235117182
1430830488 267099846 -0.19724665887 -0.114075649668 1.37235494478 -0.987082833417 -0.00190623945263 -0.050985016956 0.15186959627
1430830488 336079515 -0.197640823754 -0.114251930889 1.37415054291 -0.987463359353 -0.00123375044677 -0.050337257567 0.149601979582
1430830488 397718512 -0.197501947704 -0.11408958806 1.37312547949 -0.987940367532 -0.00258144636531 -0.0491707780995 0.146797142055
1430830488 447715542 -0.197512712661 -0.114086711288 1.37306468864 -0.987966285483 -0.00274990656981 -0.0490923013541 0.146645841093
1430830488 530817599 -0.197414851466 -0.114036435454 1.37250798617 -0.987700276643 -0.00308586093446 -0.0495762563424 0.148259353125
1430830488 601729824 -0.197327322345 -0.114069784198 1.37208561873 -0.986722473696 -0.00308280599564 -0.0514972624597 0.15400418231
1430830488 670806431 -0.197348156911 -0.114154504595 1.3720561892 -0.985595739657 -0.00173537981243 -0.0545033746163 0.160085628908
1430830488 733686804 -0.197488074043 -0.114060961042 1.37271909164 -0.987915807667 -0.00173946485362 -0.0499500372824 0.146711707094
1430830488 803707839 -0.197628493812 -0.114289087027 1.373473566 -0.98605469881 -0.000391662624144 -0.0542808927806 0.157319935909
1430830488 866066275 -0.196873886687 -0.115023435514 1.3682954926 -0.989447893573 0.00230529433498 -0.0476252186615 0.136818822062
1430830488 936539620 -0.197390498325 -0.115794203149 1.37240583082 -0.988021239663 -0.00173965049216 -0.0501311187485 0.145937913248
1430830489 244322 -0.198060101485 -0.116201842546 1.37634290357 -0.988950413271 -0.00106704917106 -0.047873788665 0.140299828427
1430830489 71859371 -0.198018754406 -0.11615496489 1.37579037035 -0.988798601368 -0.000729818853858 -0.0481522169638 0.141273342488
1430830489 122795094 -0.197657050612 -0.115942257924 1.37369271438 -0.988179062265 -0.00140307247819 -0.0491598597476 0.145201516793
1430830489 181365108 -0.19767896305 -0.115921587447 1.37321047248 -0.988125561924 -0.00207667224245 -0.0491686575858 0.14555412882
1430830489 255949249 -0.197955111645 -0.11610448402 1.37525354055 -0.988848694931 -0.00140402326049 -0.0475627004579 0.141117244786
1430830489 318723052 -0.197842505431 -0.116056875778 1.37469140383 -0.98848999983 -0.00174047585787 -0.0482673241182 0.143369300765
1430830489 389653202 -0.19784641697 -0.11603510246 1.37446767669 -0.988515769298 -0.00174052123126 -0.048213566673 0.143209624059
1430830489 455976404 -0.197530985108 -0.115872006651 1.37269876871 -0.987887962446 -0.00241293045068 -0.0492025083664 0.147141648053
1430830489 520989660 -0.197665799083 -0.115920415782 1.3732244936 -0.988152383844 -0.00173988140323 -0.0485692222131 0.145577710412
1430830489 584467140 -0.197564280776 -0.115928285625 1.37330299325 -0.988046110209 -0.00241331672885 -0.0486827250565 0.146249965072
1430830489 653951450 -0.197569507214 -0.115915083693 1.37319945697 -0.987888727579 -0.00207617450479 -0.0489516453962 0.147225296177
1430830489 741130839 -0.197492151571 -0.115950455017 1.37359248091 -0.988152383844 -0.00173988140323 -0.0483706763141 0.145643801063
1430830489 790574936 -0.197700798966 -0.115996674003 1.37409996212 -0.988231008101 -0.00157158299138 -0.0481866721896 0.145172481476
1430830489 852020560 -0.197508125781 -0.115880605741 1.37277687943 -0.987914789084 -0.00224461256054 -0.0487230212888 0.147123752057
1430830489 924461676 -0.197768846038 -0.115948581262 1.37353417227 -0.988231008101 -0.00157158299138 -0.0475924258959 0.145368379478
1430830489 988374965 -0.197391963465 -0.115801086015 1.37195113601 -0.987595738468 -0.00224388765488 -0.0485445260089 0.149308577528
1430830490 50643739 -0.197466640236 -0.115887772425 1.37287493938 -0.988126494607 -0.00157141678366 -0.0474036910781 0.146138466454
1430830490 129059806 -0.19740843632 -0.115919077717 1.37275808258 -0.987382042764 -0.00157023288248 -0.0488581756638 0.15062242418
1430830490 189539348 -0.197242838359 -0.117062524105 1.37027614021 -0.990407867726 0.00382681246898 -0.0433331899284 0.131148182233
1430830490 255717805 -0.198167211615 -0.116402257046 1.37645907819 -0.988336209721 0.00044970273952 -0.0476786985777 0.144630826671
1430830490 323087588 -0.197570537662 -0.116295896601 1.37237450819 -0.988543016977 -0.000224161416482 -0.0475498283947 0.143253855644
1430830490 385721328 -0.197471189081 -0.117108117208 1.37121477437 -0.990592440132 0.00450289305434 -0.0440587644716 0.12948037218
1430830490 459608128 -0.198043263905 -0.11780891869 1.37510402733 -0.989449939781 0.00112478648367 -0.0463873473511 0.1372434535
1430830490 524943866 -0.19796576282 -0.117904024949 1.37495309024 -0.988541792357 -0.00157207723134 -0.0479403153864 0.143123651078
1430830490 590242413 -0.198057998124 -0.117936337946 1.37533468185 -0.988900238442 -0.000561343357788 -0.0469507774772 0.140966761319
1430830490 659178237 -0.198057909327 -0.117893210458 1.37483445552 -0.988798711398 -0.000561285726563 -0.0471638121235 0.141606384468
1430830490 720488396 -0.198190197801 -0.117949957611 1.37545857656 -0.989102066447 0.000112881499731 -0.0460482008379 0.139845102196
1430830490 792120367 -0.197980716231 -0.117854277782 1.37440537043 -0.988696112345 -0.00123529066549 -0.0463087345889 0.142597239073
1430830490 855161412 -0.197897924045 -0.117822300092 1.3740873506 -0.988490282123 -0.00157199531466 -0.0466760418458 0.143895233058
1430830490 923697722 -0.198038576594 -0.117931003085 1.37530307868 -0.988900238442 -0.000561343357788 -0.0455067454968 0.141439525653
1430830490 986166215 -0.197755724766 -0.117784273581 1.37372797645 -0.988283570935 -0.00123477523052 -0.0464480612336 0.145384443312
1430830491 58876400 -0.197395352674 -0.117182705112 1.37079836036 -0.989980704778 0.0034876881619 -0.0439663228127 0.134137998559
1430830491 143996853 -0.197606209634 -0.117422542295 1.37261060016 -0.989693755377 0.00213718062339 -0.0449677787267 0.135939699509
1430830491 188095282 -0.197424066974 -0.11747538898 1.37225376645 -0.988543035955 0.000112817700248 -0.0480866562464 0.143074549897
1430830491 279591491 -0.197690624334 -0.117835301985 1.37433322005 -0.98812437089 -0.0025819271583 -0.0484486110081 0.145795381946
1430830491 324679138 -0.197375689557 -0.117665845281 1.37251696246 -0.987323896594 -0.00325296851377 -0.0501439503075 0.150554062242
1430830491 392596593 -0.197503460542 -0.117757087603 1.37354112218 -0.987754957863 -0.00258096189769 -0.049192023956 0.14803251883
1430830491 454700030 -0.197686127479 -0.117834778298 1.3743190174 -0.988282499422 -0.00190855622949 -0.0480311646157 0.144869133963
1430830491 526047380 -0.197492992517 -0.117706246606 1.37295429752 -0.987648378177 -0.00258068340948 -0.0489987544396 0.148805723077
1430830491 587311903 -0.197307212845 -0.117647130289 1.37232053318 -0.987377932224 -0.00325314654674 -0.0494226244013 0.150438160692
1430830491 658581432 -0.197653197784 -0.117803596026 1.37406083563 -0.988020928802 -0.00190805108826 -0.0475615039141 0.14679545952
1430830491 727461282 -0.197668213815 -0.117816690812 1.37413536206 -0.98812437089 -0.0025819271583 -0.0472542172496 0.146186867596
1430830491 791816151 -0.197472463403 -0.117692385134 1.37269727031 -0.987915496839 -0.00190784747965 -0.0473668666668 0.147565955305
1430830491 879837504 -0.197870749553 -0.117899206387 1.3750247035 -0.988644946717 -0.00123522673845 -0.0458278233722 0.143106443428
1430830491 945928207 -0.197428671445 -0.117684140175 1.37288096211 -0.98780807554 -0.00258110069193 -0.0476737383407 0.148174756586
1430830491 993906070 -0.197375791438 -0.117673361802 1.37261992999 -0.987376765908 -0.00358972830196 -0.0488581756638 0.15062242418
1430830492 78357759 -0.197328079949 -0.117632532739 1.37217618824 -0.987295043404 -0.00375771036763 -0.0490397014545 0.151094290311
1430830492 141191433 -0.197254664411 -0.117573460965 1.37154158878 -0.987187736886 -0.00342078038456 -0.0492992080163 0.151717693403
1430830492 210942939 -0.19738673287 -0.117656757846 1.37244819615 -0.987514053869 -0.00274864782778 -0.0485729902245 0.149830247171
1430830492 272344709 -0.197782506622 -0.117831529251 1.37430617969 -0.988309345313 -0.00140325746142 -0.0468173914648 0.145088940626
1430830492 343523365 -0.197377355877 -0.117667731692 1.37251719765 -0.98756768798 -0.00274879711303 -0.0480612703736 0.1496416388
1430830492 405910663 -0.197399942307 -0.117692955356 1.37280978551 -0.987701271179 -0.00274916892867 -0.0478038931519 0.148840279433
1430830492 460217233 -0.197457349585 -0.117670564712 1.37255690019 -0.987593467573 -0.00308552723207 -0.0479588390254 0.149497732719
1430830492 525481096 -0.197720750024 -0.11777914526 1.37374003073 -0.988283346122 -0.0014032205463 -0.0459770049542 0.145534098289
1430830492 594784749 -0.197463258417 -0.117605683712 1.37181674605 -0.987649568637 -0.00207567188169 -0.0468888100243 0.149483981255
1430830492 666032216 -0.197762211847 -0.117747138566 1.37336620355 -0.988231988563 -0.000729400644621 -0.0455810234309 0.146011557959
1430830492 724041452 -0.197874860531 -0.117833180444 1.37427514891 -0.988542466972 -0.00106660900869 -0.0448312470158 0.144127764946
1430830492 796009906 -0.19743090798 -0.117629764691 1.37206567466 -0.987593467573 -0.00308552723207 -0.0463252507676 0.150011977755
1430830492 858235908 -0.197718972091 -0.117798721854 1.37393141462 -0.988438374746 -0.00174038495942 -0.0445376487246 0.144923939482
1430830492 928377732 -0.197847730287 -0.117804024872 1.37394438397 -0.988542045946 -0.00140358786293 -0.0440937000855 0.144355114042
1430830492 989460734 -0.197712635453 -0.117741125517 1.37324115668 -0.988178526565 -0.00173992743381 -0.0447326831472 0.146625916358
1430830493 61048073 -0.19773389901 -0.117774719551 1.37364512768 -0.988257064705 -0.00157162442918 -0.0445105018251 0.146165383334
1430830493 130714458 -0.197681876779 -0.117720978318 1.37304213999 -0.988230414955 -0.00190845564475 -0.0444099057014 0.146372009039
1430830493 189184096 -0.197726346279 -0.117768446518 1.37357623746 -0.988257064705 -0.00157162442918 -0.044211455747 0.146256115218
1430830493 264832465 -0.197769999403 -0.117774886704 1.37364520161 -0.988361004018 -0.00157178972379 -0.0440164874846 0.145611139834
1430830493 325908592 -0.197917199971 -0.117790818021 1.37376910793 -0.988619684441 -0.000898189534817 -0.0434307937253 0.144028049173
1430830493 395132579 -0.197772563199 -0.117479117396 1.37267344638 -0.990056589198 0.00213796413992 -0.0410201230275 0.134538949017
1430830493 458173282 -0.197787520499 -0.1176259973 1.37274618927 -0.988773410684 0.000112843991817 -0.0432851651553 0.143015817545
1430830493 530138748 -0.197839404881 -0.117688153816 1.37362313353 -0.989227083608 0.00045010809594 -0.0425494683176 0.140068259093
1430830493 589271926 -0.197537012519 -0.117688014951 1.37260945297 -0.987564986806 -0.00359041260192 -0.0454782444999 0.150446784778
1430830493 660671825 -0.197415594764 -0.117528816149 1.37121840055 -0.987729886002 -0.0019074890308 -0.0453388296079 0.149433678644
1430830493 730725982 -0.197168831376 -0.1171127858 1.36959023289 -0.989374066602 0.00213649027585 -0.0435338569096 0.138705425446
1430830493 795286165 -0.197460719154 -0.117203155866 1.37131335199 -0.990526463219 0.00348961086125 -0.0412870948502 0.130921824297
1430830493 863865536 -0.197296752884 -0.117222768265 1.37082308285 -0.989474176587 0.00146211114345 -0.0443660172797 0.137732975754
1430830493 927006226 -0.19729859057 -0.116797244466 1.37182210519 -0.988152072942 -0.00190830435184 -0.0483458517457 0.145652043357
1430830493 997299592 -0.196904502354 -0.116922747112 1.36898590959 -0.989571373094 0.00213691634665 -0.046675087667 0.136254788293
1430830494 59165100 -0.1974410238 -0.116763171348 1.372391663 -0.988361174786 0.00146046649988 -0.0493952507408 0.143875517092
1430830494 128817004 -0.197481200731 -0.115895999079 1.37265761547 -0.987190293635 -0.00257948645396 -0.051594908904 0.150952428857
1430830494 199714850 -0.197810902319 -0.116008759298 1.37426853805 -0.988567982871 -0.00123513057875 -0.0485685308908 0.142733722368
1430830494 261242883 -0.197951323835 -0.116149347741 1.37559423753 -0.988619684441 -0.000898189534816 -0.0483143062394 0.142464173057
1430830494 332155181 -0.197652337234 -0.116014121472 1.37429312894 -0.987992146007 -0.00291837559956 -0.0493133998198 0.146393958585
1430830494 394556788 -0.197133125779 -0.116864283937 1.37131261151 -0.987464027866 0.00044930588816 -0.0517120254449 0.149132351348
1430830494 468126162 -0.197105731105 -0.116085339558 1.37136384726 -0.987568964411 -0.00224382682233 -0.051896223877 0.148355275336
1430830494 530235077 -0.197313142928 -0.115858491485 1.37256363135 -0.987783061152 -0.00190759172185 -0.0514014015831 0.147101601316
1430830494 597773365 -0.197327574792 -0.115885335854 1.37290666818 -0.987728355982 -0.0025808923881 -0.0512108466799 0.14752451649
1430830494 667098309 -0.197429059219 -0.115927506924 1.37334294488 -0.987993906052 -0.00224479231991 -0.0506089356643 0.145951149851
1430830494 730819653 -0.19720068365 -0.115859473895 1.3725603767 -0.987889660039 -0.00157104014583 -0.050329612386 0.14675994528
1430830494 801692666 -0.197346672521 -0.115939592185 1.37343016364 -0.988098993513 -0.00224503108609 -0.0497934002346 0.145519607432
1430830494 868360919 -0.1974541135 -0.115950194515 1.37360721897 -0.987833654059 -0.00291790743892 -0.0502382570346 0.147147121122
1430830494 933705016 -0.197444041716 -0.115953883992 1.37367656382 -0.987807621263 -0.00274946494363 -0.050267548966 0.147315027535
1430830494 995745686 -0.19758568823 -0.114640722925 1.37401444427 -0.985597265871 -5.55059614768e-05 -0.0559200543055 0.159596284274
1430830495 66958443 -0.196599693965 -0.115062728079 1.36811499839 -0.989251277193 0.00129317117291 -0.0489151157267 0.137795318255
1430830495 129463411 -0.197701704085 -0.115020430421 1.37629640938 -0.987166457722 -5.55943337821e-05 -0.053628020608 0.15042079997
1430830495 198422452 -0.197146184421 -0.114083694177 1.37308871191 -0.988438910587 -0.00140344142552 -0.0503295270621 0.143015695274
1430830495 287773824 -0.197471743955 -0.114303069308 1.37540780725 -0.988949992071 -0.00140416708789 -0.0492107171365 0.139836500302
1430830495 347883666 -0.197448594111 -0.114278304811 1.37511148784 -0.988797873999 -0.00140395110206 -0.049546420749 0.140790431092
1430830495 415651049 -0.197493755953 -0.114316311914 1.37553990616 -0.988949455953 -0.00174128484156 -0.049067687092 0.139886752701
1430830495 485073074 -0.197510466279 -0.114299809659 1.37537035135 -0.988797337963 -0.00174101700103 -0.0494024149882 0.140841026301
1430830495 549551179 -0.197577737336 -0.114325974366 1.37568381255 -0.988822451665 -0.0019095989771 -0.0493226517038 0.140690399613
1430830495 613497712 -0.197803640384 -0.114439619454 1.37705139772 -0.989023283905 -0.00258427597996 -0.0487814796978 0.139451183752
1430830495 681496549 -0.197694102634 -0.114365397469 1.3761658025 -0.988719871756 -0.00224644176555 -0.0493047201847 0.141410796126
1430830495 751551371 -0.197635172914 -0.114281580712 1.37524068398 -0.988409739248 -0.00291960910524 -0.0498726674153 0.143354038265
1430830495 798597512 -0.197488654819 -0.114040500249 1.37383854624 -0.988516893629 -0.000898096146396 -0.0503317694374 0.142478971851
1430830495 867930852 -0.197426151721 -0.114143644223 1.37369391163 -0.988072367713 -0.00241338086318 -0.0506665157734 0.145396272079
1430830495 936737378 -0.197482357821 -0.114199375362 1.37434153411 -0.988229309921 -0.00241376419676 -0.0503339830379 0.144442012262
1430830496 833958 -0.197522503743 -0.114289210344 1.37530172193 -0.988746402158 -0.00174092731622 -0.0491288441629 0.141293588187
1430830496 63297808 -0.197643245351 -0.114378769981 1.37626919457 -0.989099888542 -0.00207871991445 -0.0483064401436 0.139081189416
1430830496 134072094 -0.197621176168 -0.114362336916 1.37608840546 -0.988898213864 -0.00207829606932 -0.0483659549784 0.140487500161
1430830496 203017349 -0.197455522744 -0.114224558692 1.37454958115 -0.98848999983 -0.00174047585787 -0.0490973396245 0.143087183986
1430830496 265189726 -0.1975081423 -0.114186486579 1.37420196748 -0.988150542268 -0.002581995543 -0.049486316571 0.145268522356
1430830496 340248554 -0.197515404491 -0.114219390218 1.37454950352 -0.98841067707 -0.00258267526423 -0.0489431513062 0.143674044915
1430830496 403279303 -0.197541514529 -0.114282241649 1.3752625109 -0.988617540686 -0.00224620926209 -0.0484599724862 0.142414689758
1430830496 485435952 -0.19729930138 -0.113954454203 1.37310365664 -0.988722015733 -0.000898282505752 -0.0488223869981 0.141578046396
1430830496 531080596 -0.197091469184 -0.113707518946 1.37197834398 -0.989717359529 0.00247461285528 -0.0492875732558 0.134254086194
1430830496 601278793 -0.197074211037 -0.113545525868 1.3714583978 -0.989718816629 0.00179985348135 -0.0495620608909 0.134152997199
1430830496 672654673 -0.197677829851 -0.112784482798 1.3761006292 -0.987139124038 0.000449158053707 -0.0556049649275 0.14988073901
1430830496 733432505 -0.197491820458 -0.112531667108 1.37523422707 -0.987784495436 -0.000897430741486 -0.0543991212645 0.146019590467
1430830496 803944629 -0.197154422662 -0.11389939379 1.37349347676 -0.989621083235 0.00179967574825 -0.050530286813 0.134512315044
1430830496 866348943 -0.197502090648 -0.11421220719 1.37585796357 -0.989720139722 0.000787712949859 -0.0505211273463 0.133794769064
1430830496 934527546 -0.197249767984 -0.113817990498 1.37464636571 -0.991215444417 0.00349203813237 -0.0473782887518 0.123430329227
1430830497 1517621 -0.197905753404 -0.112930881797 1.37882723157 -0.988153602612 0.000786466151378 -0.0553856387764 0.143123269011
1430830497 86877665 -0.197400760243 -0.112455399486 1.37509951038 -0.989177067603 -0.00056150049822 -0.0523928350896 0.137052561003
1430830497 153303574 -0.197710986972 -0.113123095761 1.37689553898 -0.987942969025 -0.00123434967776 -0.0555764387214 0.144493687729
1430830497 217466113 -0.197765113204 -0.112834849172 1.37802803163 -0.988049051051 0.000112761324107 -0.0559226600221 0.143637446714
1430830497 287887081 -0.197750173946 -0.112832428835 1.37835138269 -0.988773257822 -0.000561271277992 -0.0543061954741 0.139204765449
1430830497 357432756 -0.197696788115 -0.112711855289 1.37778273396 -0.989475097427 -0.000561669673083 -0.0525905794808 0.134807073439
1430830497 418998669 -0.197720679208 -0.112684825864 1.37759093036 -0.989622311205 -0.000899100450189 -0.0520858661813 0.133917643826
1430830497 487904741 -0.197679139706 -0.112657022817 1.37729409201 -0.989475097427 -0.000561669673083 -0.0524067160169 0.134878657376
1430830497 554608775 -0.197851061457 -0.112869029641 1.37847417255 -0.987837804422 -0.000560740273416 -0.0567076263527 0.144777079808
1430830497 616797258 -0.197385150556 -0.113488025668 1.37594950135 -0.988875052649 0.000112855591728 -0.0543445010414 0.13846585398
1430830497 688322792 -0.19761839546 -0.114465368656 1.37741873114 -0.989865418344 -0.00123675161266 -0.0513390001126 0.132398002549
1430830497 758623971 -0.197556013558 -0.114372116147 1.37730158701 -0.990437706955 0.00146353491834 -0.050225240277 0.128485142902
1430830497 812568060 -0.197556186422 -0.114221073896 1.37701406904 -0.991081870981 0.00281587155396 -0.0486729249825 0.124015088817
1430830497 886124175 -0.197518857515 -0.114236249871 1.37638685048 -0.990152252035 0.00213817071772 -0.051406780648 0.130197115632
1430830497 959465830 -0.197245042985 -0.11394776473 1.37476176309 -0.990897143854 0.00349091676394 -0.0495933503648 0.125104609833
1430830498 22562466 -0.197693913924 -0.114454557119 1.37776883105 -0.989768987998 -0.000561836498324 -0.0520361417217 0.132850572798
1430830498 85284976 -0.197859838234 -0.114624440114 1.37954748547 -0.990625965129 0.000113055415015 -0.0497335096214 0.127227207983
1430830498 154376853 -0.197931818869 -0.114705116825 1.37975611472 -0.990249354794 -0.000899670137399 -0.0504071420892 0.129863489675
1430830498 222688351 -0.197988960395 -0.114691725638 1.3798827546 -0.990177828138 -0.00106837351655 -0.0505681405974 0.130344122994
1430830498 284225526 -0.19774963222 -0.114337750514 1.37742744181 -0.989986386069 0.000956660551585 -0.0515047477437 0.131427931426
1430830498 342881035 -0.197563345517 -0.114358007284 1.37656355841 -0.989450385566 0.000618853959276 -0.0527208762755 0.13493724737
1430830498 425101677 -0.197541976766 -0.114429561224 1.3766702024 -0.989450577529 -5.57229687451e-05 -0.0526288679656 0.134973159479
1430830498 486243168 -0.197843417882 -0.114636912801 1.37902288787 -0.990034640251 -0.000730731157415 -0.0510686034652 0.131235951154
1430830498 551177645 -0.197783898122 -0.114636730459 1.37899577704 -0.9901783264 -0.000393300536124 -0.0506569934518 0.130309616901
1430830498 623536989 -0.197943653053 -0.114705083086 1.37977530264 -0.990177828138 -0.00106837351655 -0.0505681405974 0.130344122994
1430830498 690672514 -0.197699199191 -0.114459706508 1.37704598176 -0.989301333175 -0.00106742780359 -0.0527646973264 0.136005953883
1430830498 755221212 -0.197622372117 -0.114372837611 1.37612288042 -0.988949992071 -0.0014041670879 -0.0535712663327 0.138224675515
1430830498 825642012 -0.197568926801 -0.114402362281 1.3764533582 -0.989201951413 -0.000730116561064 -0.0528688803375 0.136688872049
1430830498 890064861 -0.197727775089 -0.114480831869 1.37738038782 -0.989151628569 -0.0010672662766 -0.0528503852225 0.137057482188
1430830498 940025999 -0.197429332394 -0.114371664272 1.37604086461 -0.989401135811 -5.57201843322e-05 -0.0520127362912 0.135573096945
1430830499 24134964 -0.197568063634 -0.114478493473 1.37660564168 -0.988491530526 -5.56689580173e-05 -0.0539936680286 0.141312330644
1430830499 92551589 -0.19750399989 -0.114283851282 1.3751682332 -0.988797873999 -0.00140395110206 -0.0527011717305 0.139640179728
1430830499 152193893 -0.197514977037 -0.114236988368 1.37468566512 -0.988282159768 -0.00207700135285 -0.0537936697255 0.142829618241
1430830499 222563392 -0.197615323185 -0.114372307188 1.37554674413 -0.987757334174 -0.00140247368481 -0.055279219125 0.145868741631
1430830499 291783536 -0.197520282517 -0.11442483116 1.37564518229 -0.987491017399 -5.56126120382e-05 -0.0560767368765 0.147366505847
1430830499 364649289 -0.197030141436 -0.115465846976 1.37187690641 -0.989350735375 0.00129330118685 -0.0537971711134 0.135237990834
1430830499 426812763 -0.19712863791 -0.115587639146 1.37278720753 -0.989447050245 0.00264258176325 -0.053731340944 0.13453807834
1430830499 488136385 -0.197213622007 -0.1155067695 1.3730050601 -0.989049870111 0.00196721352415 -0.0548253384223 0.137006082972
1430830499 559444178 -0.196914756925 -0.11517681171 1.3704522471 -0.988844134628 0.00331514117061 -0.0556089933213 0.138144587707
1430830499 620789240 -0.197296652192 -0.115605691042 1.37318357269 -0.988696422414 0.000955414011875 -0.0564130241123 0.138910194734
1430830499 691110033 -0.197015699581 -0.115332101511 1.37181859127 -0.989297422555 0.00297942114375 -0.0557190950053 0.134822532343
1430830499 761741521 -0.197856468422 -0.116293179239 1.37751400449 -0.988695351458 -0.00174083742911 -0.0564130241123 0.138910194734
1430830499 818887783 -0.197583294929 -0.116186229334 1.37606974933 -0.988798295134 -0.00106688503995 -0.056065091456 0.138323890981
1430830499 892169697 -0.197697379022 -0.116226398645 1.37654377565 -0.988644721822 -0.00140373364794 -0.0563974287301 0.139280198084
1430830499 961808144 -0.197356730193 -0.115805806616 1.37371955676 -0.988439713596 0.000618221832229 -0.0573820397701 0.140334785071
1430830500 24358677 -0.197717900152 -0.116182438743 1.37632671139 -0.988489349096 -0.00207743678773 -0.0568724453753 0.140178514532
1430830500 88547021 -0.197807674307 -0.116267915205 1.37705521967 -0.988642769316 -0.00241477407724 -0.0564449039298 0.139260964976
1430830500 159635009 -0.197704351718 -0.116323218933 1.37757301114 -0.989301333175 -0.00106742780359 -0.0546142283466 0.135273866056
1430830500 227563403 -0.197730800181 -0.116339267457 1.37772749468 -0.989401059331 -0.000392991804306 -0.0542698997323 0.134685438466
1430830500 290804557 -0.197685996866 -0.11629879788 1.37727579014 -0.989151934913 -0.000730079644562 -0.0547607134446 0.136305469094
1430830500 362325955 -0.197746698849 -0.116268015205 1.37700715904 -0.988848694932 -0.00140402326049 -0.0551377574867 0.13833334721
1430830500 421941061 -0.197681694615 -0.116267045271 1.37694936486 -0.989051557093 -0.000730005557053 -0.0544515088872 0.13715508625
1430830500 489739146 -0.197667024174 -0.116285797532 1.37714613332 -0.989251852966 -0.000730153392724 -0.0539538330897 0.135901516454
1430830500 560728131 -0.197647430354 -0.116271847014 1.37699626084 -0.989152126315 -0.000392892927684 -0.0541561400282 0.13654680201
1430830500 625130968 -0.197731300362 -0.116310796847 1.37743006692 -0.989101803471 -0.000730042643224 -0.0542337923004 0.136878724356
1430830500 679180294 -0.197686902745 -0.116244213087 1.37672157734 -0.988848694931 -0.00140402326049 -0.0547603072426 0.138483197543
1430830500 760461473 -0.197673062429 -0.116127946083 1.37568109886 -0.988230075319 -0.00207689189072 -0.0561502977553 0.142281934259
1430830500 827852345 -0.197573859017 -0.116159392935 1.37581727121 -0.988645142892 -0.00106671979306 -0.0548271036729 0.139905797766
1430830500 896232757 -0.197635902943 -0.116236562712 1.37664062666 -0.989001195785 -0.000729968386054 -0.0539192407735 0.13772732974
1430830500 958223445 -0.197598310955 -0.116265374312 1.37692874001 -0.989252044387 -0.000392932615315 -0.0532582297428 0.136175619125
1430830501 21243533 -0.197816196613 -0.116430783964 1.37868788059 -0.989841397035 -0.00106801051702 -0.0516935786013 0.132441088797
1430830501 92370659 -0.197760103295 -0.116355090077 1.37787603684 -0.989400867881 -0.000730263378615 -0.0526591484942 0.135323329222
1430830501 160754095 -0.197721940072 -0.116303544113 1.37735795457 -0.989101075878 -0.00140438160522 -0.0532993420786 0.137245289692
1430830501 225513724 -0.197716518183 -0.11628052956 1.37715240907 -0.989000889487 -0.00106710363345 -0.0534964455266 0.137892103468
1430830501 295189025 -0.197730469166 -0.116266259709 1.37702225767 -0.988999932121 -0.00174137371707 -0.0532143020445 0.138001231664
1430830501 366123494 -0.197795352803 -0.116344210193 1.37784503563 -0.989251125263 -0.00140459465382 -0.0524681969307 0.136481964341
1430830501 427474208 -0.19776514481 -0.116314438421 1.37750682684 -0.989126155948 -0.00140441721533 -0.0527706910035 0.137268821669
1430830501 490166858 -0.197663203283 -0.116225264066 1.37651668259 -0.988823719974 -0.00106691247262 -0.0533541827312 0.139211507066
1430830501 562468761 -0.197527547102 -0.116078832891 1.37491834076 -0.988308809542 -0.00174015682852 -0.0544631134488 0.142395358453
1430830501 631543325 -0.197630373716 -0.116124101748 1.37549050274 -0.988203990031 -0.00207683706916 -0.054655050513 0.14304330214
1430830501 694829373 -0.197608394338 -0.116162291662 1.37587960571 -0.988567757994 -0.00140362437035 -0.0537172249616 0.140876816533
1430830501 762310808 -0.197534849598 -0.116120672793 1.37538246457 -0.988542045946 -0.00140358786293 -0.0537772558998 0.141034251461
1430830501 824564591 -0.19768202497 -0.116248914471 1.37680431026 -0.988949455953 -0.00174128484157 -0.0527693539701 0.138532800373
1430830501 897874955 -0.19758127925 -0.116150666785 1.37568798886 -0.988644721822 -0.00140373364795 -0.0533456261605 0.140477356593
1430830501 960453517 -0.197458405196 -0.116048165652 1.37455986469 -0.988283767038 -0.00106632987887 -0.0540370335711 0.142737723648
1430830502 31695675 -0.197664250846 -0.1161177772 1.37542497451 -0.988123916468 -0.00275034532009 -0.0537575749083 0.143922494578
1430830502 92638551 -0.197488521561 -0.116050609319 1.37462619668 -0.988230075319 -0.00207689189072 -0.0530330714666 0.143472987302
1430830502 164609803 -0.197568389348 -0.116097004498 1.3751759843 -0.988385984138 -0.00207721955305 -0.0526826516718 0.142524979326
1430830502 229314941 -0.197744724255 -0.116147659426 1.37572466645 -0.988592905398 -0.00174065704803 -0.0521671829908 0.141278528196
1430830502 293993423 -0.197558166228 -0.115981717302 1.37388660091 -0.987967165482 -0.00241312390523 -0.0532707051474 0.145180194019
1430830502 365635083 -0.197799900804 -0.116027266948 1.37438092031 -0.988335315793 -0.00140329433578 -0.0522147166964 0.14305578521
1430830502 429228942 -0.198242598687 -0.116219480494 1.37649968129 -0.989301907468 -5.57145960834e-05 -0.049083383505 0.137377415318
1430830502 490336143 -0.198173224855 -0.116269517433 1.37700812484 -0.989001195785 -0.000729968386055 -0.048718144716 0.13965186808
1430830502 557348293 -0.19754238869 -0.115948307746 1.37355726747 -0.987754503611 -0.00274931709589 -0.0510802785836 0.147391610996
1430830502 613827672 -0.197600061509 -0.116016328695 1.37435875924 -0.988018943957 -0.00275005313948 -0.0505289157643 0.145800659333
1430830502 699083690 -0.197377553549 -0.115916777437 1.37322634849 -0.987702150942 -0.00241247660343 -0.0510394507042 0.147762023043
1430830502 757056297 -0.197625386871 -0.116023700391 1.37428769018 -0.987862269148 -0.00207611889902 -0.0506595974818 0.146824494233
1430830502 826647816 -0.197606684521 -0.116215182919 1.3746510207 -0.986671608453 -0.000728248949202 -0.0532842299386 0.15375108964
1430830502 897447198 -0.19709413593 -0.11587435081 1.37108287886 -0.986891843497 -0.00140124481224 -0.0531553918011 0.152371355823
1430830502 960178215 -0.196732667298 -0.11688328548 1.36877347075 -0.989198692891 0.00264191845881 -0.0499683897435 0.137775637457
1430830503 29236839 -0.197488830888 -0.117563981453 1.37344879864 -0.988594244456 0.0006183184839 -0.0518299170517 0.141402606796
1430830503 95564183 -0.19715832885 -0.117366025009 1.37148569069 -0.988284149004 0.000618124534004 -0.0525256745698 0.143300775505
1430830503 166433491 -0.197014352282 -0.117173485466 1.37007238572 -0.988022731196 0.000281159203849 -0.0531546897776 0.144864013974
1430830503 227461399 -0.19730682087 -0.117549142161 1.37222641533 -0.987651480757 -0.000728972179677 -0.054217269689 0.1469847231
1430830503 298008110 -0.1976203096 -0.117848564321 1.37448743944 -0.987968581068 -0.00173955777396 -0.0532707051474 0.145180194019
1430830503 347073597 -0.197447214038 -0.117788752188 1.37381877042 -0.987702150942 -0.00241247660343 -0.0537506193406 0.146797520083
1430830503 434384532 -0.197486789341 -0.117797246708 1.37394262781 -0.987594462001 -0.00274887163588 -0.0539318784029 0.147448210639
1430830503 494637800 -0.197368422138 -0.117742270163 1.37327253315 -0.987596106576 -0.00207555952433 -0.0536301888439 0.14755820944
1430830503 561770565 -0.197453308454 -0.117735691124 1.37328601825 -0.987378472356 -0.00308485552492 -0.053836395586 0.148915675822
1430830503 628093359 -0.197524220772 -0.1177968875 1.37393681358 -0.987808501121 -0.00241273636526 -0.0528209124421 0.146418902555
1430830503 698464135 -0.197487245189 -0.117795929587 1.37392525342 -0.987647923974 -0.002749020442 -0.0531134490959 0.147387186289
1430830503 764459985 -0.197431352461 -0.117748773044 1.37341561735 -0.987486199461 -0.00308519209551 -0.0534052762072 0.148355532211
1430830503 829790313 -0.197616167756 -0.117816018609 1.37416214524 -0.987808501121 -0.00241273636526 -0.0526212155931 0.146490789765
1430830503 898933529 -0.197591099769 -0.117745681773 1.37334644485 -0.987756148452 -0.0020758958728 -0.0526850007407 0.14682565358
1430830503 963968485 -0.197928208589 -0.117869164337 1.37465082338 -0.988696614733 -0.000729743578908 -0.0502520048036 0.141255822902
1430830504 32379686 -0.197699411846 -0.117848531406 1.37441652077 -0.987966285483 -0.00274990656982 -0.0511370017393 0.145945413821
1430830504 96213270 -0.197428071645 -0.117774216989 1.37337938181 -0.987217015245 -0.00274782105012 -0.0526955308239 0.15039346835
1430830504 166873773 -0.197511397657 -0.117880860634 1.37423276553 -0.987000451056 -0.00207430767808 -0.0534506935619 0.151554710322
1430830504 234545797 -0.197410160148 -0.117750384073 1.37337737124 -0.987325430854 -0.00274812281426 -0.0526771087428 0.149686551248
1430830504 299268662 -0.197235517996 -0.11769431552 1.37262147871 -0.987543179864 -0.0017388087522 -0.0518758561098 0.148540701494
1430830504 363319348 -0.197412924347 -0.117806506739 1.37355892077 -0.987219309088 -0.00173823849932 -0.0525417028349 0.150447278986
1430830504 433159273 -0.196970796359 -0.118576811432 1.37028043273 -0.987649069137 0.00230110329085 -0.052661021619 0.147549442423
1430830504 497789234 -0.197302683401 -0.118445366269 1.37313336129 -0.985538224852 0.0016242729483 -0.0570656946706 0.159547095194
1430830504 562506037 -0.196815659376 -0.118994566793 1.36967712339 -0.987758289836 0.00028108395242 -0.0531352075519 0.146663327286
1430830504 632013778 -0.197089111899 -0.119179112352 1.37099951103 -0.987651671869 -0.000392296944597 -0.053464991725 0.1472600279
1430830504 698098966 -0.197251432974 -0.11946723394 1.37234205984 -0.987217894576 -0.00241129380035 -0.0536684883387 0.150049017493
1430830504 761483485 -0.197310359188 -0.118739309633 1.37103703595 -0.988998780868 0.0023042479565 -0.0508545617148 0.138888140011
1430830504 830379599 -0.197296034374 -0.119220070493 1.37175579203 -0.98817959696 0.000954914584274 -0.0529047114559 0.143879337624
1430830504 898068963 -0.197576808093 -0.119562509527 1.37330353663 -0.987863454998 -0.00140262436116 -0.0531546286351 0.145939755991
1430830504 965378184 -0.197653367334 -0.119632084841 1.37405670402 -0.987969116654 -0.00140277438555 -0.0525276665605 0.145450682391
1430830505 33727320 -0.197920205837 -0.121552235274 1.37514380522 -0.988231682505 -0.00106627368115 -0.0518084671091 0.143919725856
1430830505 102118784 -0.198032192142 -0.122354502614 1.37551660572 -0.985590545025 0.00364021020698 -0.0584697521587 0.158679912119
1430830505 169928461 -0.198200082809 -0.123329386601 1.37475072133 -0.988232179787 -0.000392527523342 -0.0515139988236 0.144025389011
1430830505 236086271 -0.198347475476 -0.123373511058 1.37507421268 -0.988645640383 -0.000392691750603 -0.0504132232662 0.141556174241
1430830505 303469945 -0.19850439535 -0.123523851574 1.37665024421 -0.989051633042 0.000618604558614 -0.049176645707 0.139133540246
1430830505 377194176 -0.198464422096 -0.123462411042 1.37595593751 -0.98895098736 -5.56948332885e-05 -0.0483517701231 0.140135819203
1430830505 430816648 -0.197684243559 -0.124067273999 1.36995258474 -0.991772416852 0.00264879227384 -0.0420745134953 0.120872628768
1430830505 500666346 -0.197809617497 -0.123958328362 1.37002423183 -0.993580436329 0.00265362107119 -0.037179728978 0.10681077938
1430830505 568642728 -0.198467638228 -0.124686429874 1.37375624183 -0.991938514924 0.0046780837658 -0.042037347185 0.119452750424
1430830505 635176574 -0.198482200654 -0.124765751667 1.37403030277 -0.991412213186 0.00467560167283 -0.0433839811404 0.123279327042
1430830505 702368475 -0.198449683744 -0.124895551651 1.37424885003 -0.990172839984 0.00331959571069 -0.0465910012591 0.131818078594
1430830505 773456535 -0.198547025511 -0.12520346545 1.37522230943 -0.989102071319 -5.57033418958e-05 -0.0478320540126 0.139245050245
1430830505 818934003 -0.19815434782 -0.12473729422 1.37253209232 -0.989520532161 0.00281143546276 -0.0480394149948 0.136137529244
1430830505 900325077 -0.198161882587 -0.124681282864 1.37231553848 -0.989811584245 0.00348709235263 -0.0474573420274 0.13419638061
1430830505 967481967 -0.198118472628 -0.124516782635 1.37198947608 -0.991119394767 0.00484315328471 -0.0444761280213 0.125222854219
1430830506 36887239 -0.198044173825 -0.124584143813 1.37175595308 -0.989908397093 0.00348743342294 -0.047596391725 0.133430831027
1430830506 99342289 -0.197918132895 -0.124423794307 1.37118206999 -0.990756392128 0.0041658982397 -0.0456418300761 0.127676309848
1430830506 170764016 -0.198107429134 -0.124552610183 1.37245369881 -0.991119394767 0.00484315328471 -0.044987993021 0.125039872307
1430830506 233879040 -0.198361116479 -0.124808687538 1.37404866254 -0.990756392128 0.0041658982397 -0.0459898430492 0.127551366459
1430830506 297739621 -0.198111376603 -0.124333342299 1.37159168552 -0.992513027557 0.00417328447965 -0.0414034984252 0.114831285566
1430830506 368432795 -0.198881277652 -0.123574068518 1.376954348 -0.98902665376 0.000112872893236 -0.0484010046669 0.13958369589
1430830506 437853901 -0.198520720766 -0.123404399268 1.37531922895 -0.988925548385 -0.000561357724831 -0.0485262912195 0.140253854456
1430830506 501504764 -0.198291125096 -0.123302441129 1.37382965859 -0.988874899771 -0.000561328974446 -0.0486365135996 0.140572426374
1430830506 567651626 -0.197867139311 -0.124387896816 1.3713188403 -0.991872823045 0.00484683494875 -0.0422261560944 0.119923987744
1430830506 638735158 -0.197831454276 -0.124319633695 1.37101079225 -0.991704227364 0.00349376010784 -0.0430056627266 0.121082748742
1430830506 707774427 -0.198020779343 -0.123962853348 1.37180826646 -0.993523704144 0.00214545115379 -0.0378766009636 0.107104665832
1430830506 765971873 -0.198616033538 -0.12354353058 1.37655394515 -0.989076804709 -0.000561443584586 -0.0483854836738 0.139232195048
1430830506 836238185 -0.198401850509 -0.123363063644 1.37489338987 -0.988824136249 -0.000561300158833 -0.0489387952277 0.14082438296
1430830506 890871483 -0.198451712679 -0.123417553193 1.37548768251 -0.988950963502 -0.000224253922193 -0.0486144207878 0.140044919898
1430830506 972742697 -0.198246593194 -0.123341016909 1.3747178341 -0.98849150668 -0.000224149736041 -0.0495117308155 0.142944323046
1430830507 37123985 -0.198185834889 -0.123304962204 1.37435551023 -0.98849150668 -0.000224149736041 -0.049414264274 0.142978045397
1430830507 100395012 -0.198329940503 -0.123312617871 1.37440450177 -0.988696724751 -0.000561227834451 -0.0488290057424 0.141754011191
1430830507 168582297 -0.198397939338 -0.123332391955 1.37459658921 -0.988773339124 -0.000392742472761 -0.0486402713018 0.141284300608
1430830507 238021121 -0.198426912481 -0.12338934367 1.37517924072 -0.988874789734 -0.000729875087461 -0.048372873893 0.140663366173
1430830507 303388533 -0.19833484555 -0.123387044049 1.37519215302 -0.988824217555 -0.000392762681762 -0.0483382919353 0.141031634916
1430830507 379884277 -0.198317907104 -0.123421661898 1.37559103809 -0.988773415555 -5.56848329619e-05 -0.0483030016296 0.14139996331
1430830507 434866597 -0.19820671755 -0.123349296807 1.37482398203 -0.988465732302 -5.56675051388e-05 -0.0489566522637 0.143313429815
1430830507 509550731 -0.198152568411 -0.123316372828 1.3744951263 -0.988439900493 0.000112805929886 -0.048986659386 0.143481209889
1430830507 572146331 -0.198259937691 -0.123359823235 1.37492617507 -0.988542883129 -0.000561140507166 -0.0482816991378 0.143008848907
1430830507 637261075 -0.1982779374 -0.123425164062 1.37462147672 -0.989001439747 -0.000224265368156 -0.0471680184426 0.140183022935
1430830507 704562457 -0.198119394084 -0.123295322005 1.37422680378 -0.9883361528 -0.000561023157921 -0.0485160345181 0.144352099799
1430830507 773346888 -0.197354120518 -0.123591328668 1.36887434796 -0.992120979553 0.000789623765398 -0.0397504315713 0.118807582317
1430830507 839297763 -0.197866058453 -0.123817761117 1.37141669466 -0.992540278222 0.00214332750815 -0.0385194706454 0.115652291962
1430830507 909333572 -0.197920115333 -0.123881629289 1.37146859728 -0.9930727227 0.000790381252663 -0.0369771612884 0.111528616371
1430830507 969605654 -0.198692056988 -0.12352555388 1.37637677292 -0.989101913534 -0.000561457837462 -0.0461435322177 0.139813675451
1430830508 42474205 -0.197707936341 -0.124192886058 1.36975403181 -0.99189447857 0.00484694076953 -0.0404510569178 0.120355982577
1430830508 104469829 -0.198078614333 -0.124505295987 1.37216021834 -0.991547605686 0.00416922510713 -0.0415639954683 0.122834838304
1430830508 175242091 -0.198365488179 -0.124929363011 1.3745745195 -0.990172259802 0.00348836300757 -0.045443419212 0.132218088372
1430830508 247258788 -0.197743220794 -0.124476574718 1.37073230629 -0.989444438907 0.00348579890474 -0.0470885006201 0.137004469388
1430830508 305245796 -0.198138965221 -0.124814004646 1.37282280784 -0.989249815909 0.00213622196438 -0.0480922349035 0.138084666859
1430830508 375043777 -0.198119076968 -0.124694389419 1.37228248422 -0.989642185729 0.00314913796911 -0.0475280333012 0.135423458846
1430830508 444959076 -0.198526182721 -0.125243980537 1.3754751335 -0.988645310345 -0.000898212816696 -0.0484056911715 0.142255167245
1430830508 504353053 -0.198165204933 -0.125048435398 1.37355171177 -0.988231849888 -0.00089783717593 -0.0492740223897 0.144807028394
1430830508 574608094 -0.198241187305 -0.126825444579 1.37375671174 -0.988491429768 0.00044977336617 -0.0485360372705 0.143278554101
1430830508 644497398 -0.198659831184 -0.126892404986 1.37440808751 -0.988747295956 0.00112398773252 -0.0478988008585 0.141715300049
1430830508 707513117 -0.198273638069 -0.126089688385 1.36972741429 -0.98973129202 0.00517376305908 -0.0470288083699 0.134883256766
1430830508 772136821 -0.198245459477 -0.125692118213 1.36932356808 -0.992111043842 0.0045097961053 -0.0410036787536 0.118380896916
1430830508 840259704 -0.19931833797 -0.125410883481 1.37723329486 -0.98915210195 0.00045007397854 -0.0471301088211 0.139128248334
1430830508 908695492 -0.1987703166 -0.12525950032 1.37556099625 -0.988747909398 -0.000224207877768 -0.0478988008585 0.141715300049
1430830508 977951377 -0.199066391 -0.125159408965 1.37477684309 -0.988179899139 -0.000560934461458 -0.0489370656589 0.145276756207
1430830509 44831327 -0.201397699013 -0.122306515021 1.36953992202 -0.991897552544 0.00417069655158 -0.0414343522751 0.12002101899
1430830509 112805190 -0.202707826661 -0.121803783938 1.37676543496 -0.988593358528 0.00146080958962 -0.0495336290682 0.14222326498
1430830509 181013005 -0.202487771757 -0.123219425906 1.37407031961 -0.988721962153 0.000955438691868 -0.0491359684536 0.141469520738
1430830509 240823364 -0.202168880299 -0.12319706158 1.37320604995 -0.988258312813 -5.56558238801e-05 -0.049786426217 0.144453507477
1430830509 309221100 -0.202376156065 -0.12152033214 1.37471555297 -0.988875057521 -5.56905571419e-05 -0.0484687625996 0.140630354347
1430830509 380053200 -0.202108344672 -0.122220737297 1.37383506687 -0.990700563358 0.00602314336725 -0.0464747047104 0.127734949521
1430830509 440905177 -0.201773977694 -0.121971374934 1.3717710785 -0.990892273595 0.0046731495844 -0.0465297164188 0.12627608361
1430830509 507839211 -0.201575160591 -0.122049323861 1.37014167668 -0.992297848843 0.00535631389768 -0.0428689360031 0.116097129203
1430830509 575731604 -0.202177249922 -0.122185523802 1.37441758355 -0.992787558276 0.00671271157736 -0.0416155949909 0.112231661709
1430830509 639952641 -0.202083790347 -0.123307846614 1.37517098633 -0.989176381802 0.00129307326799 -0.0502608989186 0.137848669512
1430830509 712157644 -0.201584540919 -0.123229869917 1.37359683146 -0.9878376945 -0.00072910962152 -0.052564296953 0.146332335491
1430830509 783598639 -0.201527312714 -0.123208611881 1.37345717198 -0.98762445815 -0.00106561850347 -0.0529692855802 0.147617915263
1430830509 842923775 -0.201271645972 -0.12312704499 1.37275725565 -0.987624955127 -0.000392286332663 -0.0526672509367 0.147725944912
1430830509 914229684 -0.200823907418 -0.123078675519 1.37213678261 -0.987084099494 -0.00106503547195 -0.0536946327849 0.150932874601
1430830509 978266908 -0.200676309902 -0.123048090593 1.37180280291 -0.987356018772 -0.00072875410319 -0.0527741324832 0.149473917633
1430830510 24634016 -0.200686109945 -0.123219536153 1.373551931 -0.987996454645 -5.56410767933e-05 -0.0511310116388 0.145769071345
1430830510 114973110 -0.200315072392 -0.12470372536 1.37326135616 -0.991116788766 0.00534993866618 -0.0453501091022 0.12490899402
1430830510 184154386 -0.200475943278 -0.125168108933 1.37546626454 -0.989425027231 0.0012933983028 -0.0489393517544 0.136533448132
1430830510 247667022 -0.20066743034 -0.125314013037 1.37626431035 -0.989026658633 -5.56990948748e-05 -0.0496599339749 0.139140778957
1430830510 308675436 -0.200668021238 -0.125021459764 1.37537643116 -0.990054407679 0.00298170092072 -0.0484060108892 0.132061491002
1430830510 379010433 -0.200226295785 -0.124536469651 1.37238347639 -0.990796878669 0.0053482118269 -0.0470227554867 0.126814046214
1430830510 450465568 -0.199990469075 -0.124299725202 1.3715321921 -0.992799211272 0.00468214289804 -0.0416921014079 0.112203263395
1430830510 512221447 -0.200312870786 -0.124513940813 1.37358429011 -0.993514971992 0.00468551849901 -0.0395695020574 0.10649084867
1430830510 574260225 -0.200224647472 -0.124723191182 1.37388955335 -0.991345258842 0.00467528590927 -0.0456971084606 0.122981680555
1430830510 645858216 -0.199657078206 -0.124077126449 1.37091541696 -0.994125271209 0.00333284640108 -0.0372663514278 0.101563065773
1430830510 713600314 -0.200529076837 -0.123659246038 1.37778184894 -0.989475063304 0.000618869394018 -0.0494750599316 0.135981375725
1430830510 775008203 -0.200020469094 -0.123292021442 1.37414399612 -0.988361984609 -0.000729496592948 -0.0518158287484 0.143021589648
1430830510 846646629 -0.200040873435 -0.123320080821 1.37453946242 -0.988362252258 -5.56616774468e-05 -0.0509372893537 0.143336833255
1430830510 913171084 -0.199855782287 -0.123176202265 1.37301804243 -0.98794347103 -0.000729187693744 -0.0517401744893 0.145911345269
1430830510 981373309 -0.200120495819 -0.123313391035 1.37444402794 -0.98861982317 -0.000729686900097 -0.0502764751987 0.141783598607
1430830511 49017288 -0.200040854551 -0.12334442589 1.37477817596 -0.988413973304 -0.000392599732041 -0.0505806295068 0.143105776126
1430830511 113165124 -0.200267589017 -0.123465115274 1.3760726892 -0.989026620156 0.000281444878065 -0.0491378456102 0.139326011713
1430830511 162404774 -0.199921893652 -0.123302811261 1.37434245095 -0.988100968782 -0.00106613264479 -0.0509575168922 0.145116058127
1430830511 249274342 -0.199567485247 -0.123514659232 1.3720423934 -0.99121210852 0.00433676201115 -0.0438037467229 0.124743657919
1430830511 321073506 -0.199188747612 -0.124062108276 1.3697362977 -0.992263292019 0.00366485553443 -0.0411953423287 0.117060120949
1430830511 381704525 -0.199135832048 -0.124077511056 1.3700194839 -0.992325977034 0.00383422380409 -0.0410467786937 0.116574508321
1430830511 451976625 -0.199771357529 -0.123568462321 1.37468865876 -0.989887285744 0.00247503772566 -0.0465585670006 0.133975130341
1430830511 518486787 -0.199525378331 -0.123227845051 1.37356270121 -0.987969704775 -0.000897599009525 -0.0494670603408 0.146519850885
1430830511 581229401 -0.199300471361 -0.123077147891 1.3720359238 -0.987544303088 -0.000897212519807 -0.0503287053053 0.149072015717
1430830511 643292040 -0.199386376535 -0.123155233502 1.37285976433 -0.987970010251 0.000449536115138 -0.04886729178 0.146720975175
1430830511 714661250 -0.198979236939 -0.12299458139 1.37120162335 -0.987220431943 -0.000896918273518 -0.0501504419623 0.151261189544
1430830511 786788639 -0.198248879721 -0.122132798299 1.36618067683 -0.988380788903 0.00381898008923 -0.0488994016136 0.143866883058
1430830511 851009924 -0.199355142744 -0.12157392678 1.37310840659 -0.988282708122 0.00179724184574 -0.0488205848432 0.144605011134
1430830511 918862463 -0.199003329944 -0.121169094652 1.37107273478 -0.98732800691 -0.00157014694931 -0.0492192240025 0.150858905599
1430830511 981682069 -0.19873169398 -0.121140113415 1.37077478475 -0.987328847928 -0.000897016772571 -0.0490134763885 0.150925877643
1430830512 47034316 -0.198574017033 -0.121241875843 1.37182655739 -0.9878643485 0.000449488037997 -0.047772163331 0.147789198978
1430830512 120869436 -0.198739815197 -0.121534863333 1.37485022493 -0.989202195425 -0.000224310891393 -0.044792044839 0.139544397843
1430830512 183501252 -0.198787590669 -0.12160774849 1.37558605097 -0.989301883602 -0.000224333496624 -0.0445859160812 0.13890222771
1430830512 254753795 -0.19829342497 -0.123341754664 1.37469593845 -0.988645559091 -0.000561198790569 -0.0458766034942 0.143090813114
1430830512 317283262 -0.197658926468 -0.123224147408 1.37359420295 -0.987810676685 -0.00123418438988 -0.0474211167378 0.148255797539
1430830512 386705844 -0.197594860311 -0.12306567205 1.37195905947 -0.987274334173 -0.00123351427609 -0.0482401332891 0.151528073523
1430830512 448652536 -0.197403475936 -0.12269600819 1.37037213961 -0.988386532549 0.00179743065569 -0.0473271792203 0.144391722845
1430830512 517058890 -0.196993347961 -0.122567603632 1.36933596328 -0.988073681227 0.00179686171981 -0.0479567249037 0.146312420155
1430830512 588028273 -0.197175384788 -0.123076827292 1.37209334921 -0.98732800691 -0.00157014694931 -0.0478802458702 0.151289204722
1430830512 655715695 -0.196533845139 -0.123152669407 1.37092062465 -0.988998373761 0.00247281515878 -0.0432798457222 0.141431809849
1430830512 717534916 -0.196674637786 -0.12335222172 1.37390051768 -0.989597574958 0.00112495431232 -0.0415326009062 0.137733137539
1430830512 781690384 -0.196927306442 -0.12341724594 1.37548360399 -0.989177148938 -0.000392902866716 -0.0417612819229 0.140657061602
1430830512 850505078 -0.196920599086 -0.123451353401 1.3758442 -0.989326681192 -0.000392962261185 -0.0413780968728 0.139715484333
1430830512 919560698 -0.19637464902 -0.124807378327 1.37265749194 -0.989424528845 0.00163067799509 -0.0416603766969 0.138927519313
1430830512 986175284 -0.196286744216 -0.125007116646 1.37311006532 -0.988205597174 -0.00106624553583 -0.0435838813135 0.146795797363
1430830513 40779515 -0.196355130683 -0.124987914978 1.37296181693 -0.988283934431 -0.000897884496242 -0.0434151190801 0.146318782748
1430830513 120363352 -0.195915299395 -0.124442409658 1.36999485309 -0.98969105226 0.00314929346718 -0.0420382293777 0.136873994232
1430830513 180905679 -0.196369665764 -0.124831268265 1.37330355558 -0.989790357575 0.00247479537395 -0.0419329846797 0.136200397337
1430830513 250433665 -0.196474572947 -0.125158604519 1.3746896313 -0.988439900493 0.000112805929884 -0.044166986006 0.145037332215
