1430830464 46372012 -0.192993856706 0.0457205224543 1.45713241698 -0.991974382004 -0.0370953246752 0.120807627766 0.00403477508657
1430830464 157085291 -0.193418938813 0.0460212599399 1.45937921581 -0.99217881925 -0.0371029696972 0.119116470128 0.00397829321675
1430830464 199375129 -0.193311174776 0.0458062069969 1.45866434038 -0.99208156473 -0.0364220334405 0.120133914014 0.00393028104862
1430830464 271793402 -0.193378846108 0.0461298835614 1.4584856717 -0.992206654839 -0.0374427159249 0.118789808496 0.00360257040871
1430830464 336158756 -0.1937473344 0.0468843563994 1.46009269947 -0.992193833546 -0.0377809417309 0.118793430561 0.00348108769004
1430830464 407603733 -0.193789565046 0.0472468256636 1.45848390989 -0.991961679143 -0.0374334713231 0.120821907745 0.00358175169823
1430830464 470738350 -0.194327431949 0.0476718232795 1.4589889944 -0.992180896956 -0.0381191631467 0.118794610309 0.00344059263519
1430830464 538663324 -0.194581302949 0.0476113863983 1.45900858109 -0.99208665082 -0.0384542329656 0.119472408957 0.00341946333164
1430830464 609287020 -0.194544142643 0.0480287945302 1.45694359868 -0.99220665484 -0.0374427159249 0.118801398899 0.00319761407488
1430830464 670534949 -0.195214856154 0.0490006288082 1.45842876312 -0.99221302225 -0.0372736013878 0.118803018394 0.00313686730502
1430830464 742313478 -0.195834979096 0.048902675872 1.46046902084 -0.992572705262 -0.0372871132859 0.115757306781 0.00305644853025
1430830464 812673615 -0.195640472444 0.0491016959146 1.45872667865 -0.99230830872 -0.0379546783905 0.117789996993 0.00302975940372
1430830464 872354542 -0.196005177426 0.0498408857912 1.45754474134 -0.99219766129 -0.0365956371198 0.11915501845 0.0025771788389
1430830464 953533491 -0.196548149139 0.0503996172117 1.45856769806 -0.992217946885 -0.0365963853218 0.118986699198 0.00253295888461
1430830465 6650432 -0.196985841837 0.049542769638 1.46096142926 -0.992194612068 -0.0382890527473 0.118635949268 0.0030515187375
1430830465 77270973 -0.196384534003 0.0485597334202 1.45828788189 -0.992391613393 -0.0362640437374 0.117633895162 0.00246404326513
1430830465 138180545 -0.196589711605 0.0495660959075 1.45811947273 -0.99213940416 -0.0376095225343 0.119314713651 0.00298758020871
1430830465 208937516 -0.196735024456 0.0488942385818 1.46028830058 -0.992326520771 -0.0369391231941 0.117967029928 0.0027124167629
1430830465 271228731 -0.196648603156 0.0477631234894 1.46055908651 -0.992394031356 -0.0372804011989 0.117289249054 0.00273683609622
1430830465 341058973 -0.19641454357 0.0469436690422 1.45938807839 -0.99213940416 -0.0376095225343 0.119316722762 0.00290623441915
1430830465 409768746 -0.196561030476 0.0473014359738 1.4601267587 -0.992174385427 -0.0382882721958 0.118807185191 0.00297487195223
1430830465 475034544 -0.196356404408 0.0469455460099 1.45906539516 -0.992321189234 -0.0376164135516 0.117794018685 0.00286914544373
1430830465 543662268 -0.196084194371 0.0464670898551 1.4582772939 -0.992503762521 -0.0359293650594 0.116779691256 0.00280460746706
1430830465 609260402 -0.19626082739 0.0458006737248 1.46005455616 -0.992426650249 -0.0369428504907 0.117111092604 0.00309219380458
1430830465 678949065 -0.196187749024 0.0449956356166 1.45993505592 -0.992210078533 -0.0362574100782 0.119139189895 0.00322702709424
1430830465 740364780 -0.196106865447 0.0435272147691 1.46003072674 -0.992386684944 -0.0369413627918 0.117440611396 0.00342141113798
1430830465 809517643 -0.196359595779 0.0418258535547 1.46374358301 -0.992729565758 -0.0372930059275 0.114393499965 0.00337166775282
1430830465 873215851 -0.195751476889 0.0396026715836 1.46220796932 -0.992651366207 -0.0372900682731 0.115055632681 0.00386230029218
1430830465 943758415 -0.195895492297 0.0385749519198 1.46507723429 -0.99293573376 -0.0379786766939 0.112345189808 0.00384799506102
1430830466 5680876 -0.195843166921 0.0362325634074 1.4664451944 -0.992871262418 -0.0386541279077 0.112675579043 0.00409005448061
1430830466 74975152 -0.195532757351 0.0331389917195 1.46745201692 -0.992929246163 -0.0381479144014 0.112339154881 0.00402032582886
1430830466 146627635 -0.195259720738 0.0307492265433 1.46765564668 -0.992910086265 -0.0381471782863 0.112508406909 0.0040263829182
1430830466 209739738 -0.196611062309 0.0258895115821 1.48205192762 -0.994034411046 -0.0375116896177 0.102339971584 0.00387208154365
1430830466 280406070 -0.194602833018 0.0208815908139 1.47213454783 -0.993238967619 -0.0374816721187 0.109788861393 0.00422887359977
1430830466 342212747 -0.194007223165 0.0182878238514 1.47253779105 -0.992999499886 -0.0378116200471 0.111815586071 0.00442146231077
1430830466 412091675 -0.193307221756 0.0141926490282 1.47883443145 -0.993396106712 -0.0391832912104 0.107643235338 0.00646364809024
1430830466 473567871 -0.19290249896 0.00795466554927 1.48817439667 -0.994270912397 -0.0385388970486 0.0995167272763 0.00604377093281
1430830466 546009889 -0.191420074329 -0.000663238824618 1.49571759131 -0.994825550018 -0.0378811527243 0.0940863905293 0.00590714967018
1430830466 617919397 -0.18827881611 -0.00739743719366 1.48337477573 -0.993300754078 -0.0378230912603 0.10897803096 0.00684211112807
1430830466 680094743 -0.186102438927 -0.0105273463925 1.47540548721 -0.99256008718 -0.0391503154452 0.115032675713 0.00769478115527
1430830466 750590070 -0.185231745514 -0.012226434785 1.47362030729 -0.992547219301 -0.038472085046 0.115349050689 0.00803197586706
1430830466 812062664 -0.184793672259 -0.0145648489987 1.4728335865 -0.992334817471 -0.0377863101462 0.117358527611 0.00841313242927
1430830466 878435978 -0.18458906892 -0.016488448985 1.47333478207 -0.992322391471 -0.0391409398295 0.116979502824 0.00894729761038
1430830466 950791918 -0.184371907197 -0.0193442542182 1.47523832643 -0.992452591855 -0.0408403818386 0.115251401045 0.0093290239746
1430830467 14436896 -0.183806522174 -0.021071638831 1.47313238152 -0.992375166795 -0.0398206632942 0.116241036161 0.00968837529574
1430830467 101956813 -0.183664298073 -0.0240800544066 1.47442943753 -0.99241537062 -0.0388057863549 0.116217586923 0.00996572091984
1430830467 142637675 -0.182965062718 -0.0249944288024 1.46942651838 -0.991985610833 -0.0394663392364 0.119568878122 0.0104994929116
1430830467 214335552 -0.183023467936 -0.0251417705196 1.47046167629 -0.99183454757 -0.0391216974251 0.120845952411 0.0114008255098
1430830467 291700697 -0.183602273597 -0.0274087679358 1.47640795817 -0.992507775282 -0.0384705561579 0.115446836996 0.0109708769599
1430830467 360403623 -0.183722169486 -0.0325272014689 1.48022064961 -0.992711460934 -0.0411900124352 0.112452974551 0.0134783797315
1430830467 432231276 -0.183579231598 -0.0373627444801 1.48106071119 -0.992996086433 -0.0398455787018 0.110342226386 0.0139891123001
1430830467 493507943 -0.182232747397 -0.0418916840063 1.47306030688 -0.992402084664 -0.0391440832297 0.115707799456 0.0147495168933
1430830467 566556932 -0.181980576528 -0.0433047866 1.47291400968 -0.992361534885 -0.0401589464051 0.115672274891 0.0150255757044
1430830467 622341612 -0.18180110557 -0.0460647667168 1.47244237522 -0.99218794878 -0.0404907019035 0.116978511681 0.0154791847219
1430830467 696341416 -0.181809959902 -0.0487649399685 1.47562470539 -0.992716244291 -0.039156474871 0.112846086474 0.0157159016111
1430830467 759861165 -0.180885922304 -0.0523600222479 1.47466894852 -0.992481316579 -0.0391472084355 0.114814364466 0.0163093232843
1430830467 828852905 -0.180281096272 -0.0550185742765 1.47407165163 -0.992689317901 -0.0398332691169 0.112747531218 0.0164080163334
1430830467 891483816 -0.180674513898 -0.0599012915812 1.4823682089 -0.993414983349 -0.0405407765803 0.105989049058 0.0157935991006
1430830467 963976375 -0.179936502214 -0.0652105642398 1.48002639972 -0.992788379546 -0.0411932039755 0.111339635767 0.0166684999829
1430830468 24171942 -0.17892925927 -0.0684020917287 1.47411004385 -0.992134710053 -0.0398110145774 0.117294362654 0.0180508369599
1430830468 94819076 -0.177833668225 -0.0702818280248 1.46980287375 -0.991834910403 -0.0411536422222 0.119250828185 0.0186849729458
1430830468 165233082 -0.177691841255 -0.0725981635208 1.47238752771 -0.992160112878 -0.0411671356637 0.116034474235 0.0214377737607
1430830468 228645104 -0.177344333969 -0.0753142680095 1.47203557771 -0.992268098828 -0.0404939727875 0.115265672142 0.0218651101321
1430830468 298510857 -0.1774694693 -0.0780988048668 1.47655885449 -0.992347787661 -0.0404972248495 0.114510562635 0.0222075245942
1430830468 360399255 -0.175938621902 -0.0820486513625 1.47483346066 -0.992546683771 -0.0394886616316 0.113128297701 0.0222196849171
1430830468 404266948 -0.175864696946 -0.0873952022092 1.48432816033 -0.99313305901 -0.0401901684899 0.107795967231 0.021248691878
1430830468 492331717 -0.174177272138 -0.0925479951364 1.47801667849 -0.993009611483 -0.0395070793002 0.109051602074 0.0218826477308
1430830468 561050048 -0.171842085617 -0.0967063388481 1.47325556683 -0.992467914233 -0.0394855277704 0.113669204557 0.022970508245
1430830468 637152594 -0.170230161428 -0.0980728621606 1.46953811248 -0.991205479171 -0.0421429742791 0.122749021479 0.0258523791178
1430830468 695916877 -0.170266246456 -0.0985260276733 1.47040663191 -0.991305003563 -0.0418086791567 0.122043125949 0.0259210275073
1430830468 762558764 -0.170095793817 -0.0997197038917 1.47114484522 -0.991862737182 -0.0404774301782 0.117827287752 0.0262034062263
1430830468 830554777 -0.169799306197 -0.100154676756 1.47004027937 -0.991403954439 -0.0414743018022 0.121065197586 0.0272268130153
1430830468 896009844 -0.169670853712 -0.100249884247 1.46939473585 -0.991613829633 -0.0414830817018 0.119396648109 0.0269370976976
1430830468 967330903 -0.169114510564 -0.101798479679 1.4681941651 -0.991669471572 -0.0401309399452 0.119210225863 0.0277504749826
1430830469 29043870 -0.169129939439 -0.103337214686 1.46981238245 -0.991669471572 -0.0401309399452 0.11909571228 0.0282378846366
1430830469 100250746 -0.169008372965 -0.106272366812 1.47334620809 -0.991474206592 -0.0408001203409 0.120274757767 0.0291243967624
1430830469 163571553 -0.168219405171 -0.10986317972 1.47463583305 -0.992053000398 -0.0408239382645 0.115632424463 0.0281672305957
1430830469 234045802 -0.166487464633 -0.112128511573 1.47353913117 -0.991501715266 -0.0421555693166 0.119497718107 0.0294542351219
1430830469 297971540 -0.165678617922 -0.112378960152 1.47008289747 -0.991417652383 -0.0421519952242 0.120032461887 0.030107406667
1430830469 366050521 -0.165781251221 -0.115601509778 1.47475288812 -0.992268972248 -0.039477612825 0.114006376927 0.0290921092438
1430830469 429195038 -0.165989450895 -0.12069897175 1.47958925433 -0.992452591855 -0.0408403818386 0.111920217256 0.0290479104312
1430830469 500397877 -0.164122722578 -0.122716373873 1.47078945719 -0.991248144194 -0.0421447882632 0.121048719608 0.0315933685394
1430830469 570682706 -0.164362679824 -0.122304741699 1.47257649677 -0.991219628582 -0.0423128282601 0.121185335344 0.0317393600436
1430830469 630847472 -0.164165789809 -0.126134325402 1.47455725255 -0.992052249301 -0.0413320401229 0.114915226513 0.0303065641636
1430830469 702623388 -0.163486412438 -0.130113134698 1.47307867758 -0.991613633117 -0.0399593917329 0.1186251539 0.0321515550345
1430830469 766820074 -0.162209127124 -0.130809332949 1.46915786976 -0.990816506192 -0.042633994428 0.123755677581 0.033904658141
1430830469 831333811 -0.162225241072 -0.131902231973 1.4713128327 -0.991047332134 -0.0433208632218 0.121684653034 0.0337836276238
1430830469 894924145 -0.161694533956 -0.133064976224 1.46985540604 -0.991047332134 -0.0433208632218 0.121308898504 0.0351089649956
1430830469 954696234 -0.161374940948 -0.134333571204 1.46869384046 -0.990990387099 -0.042641476376 0.121861808969 0.0356294356595
1430830470 28676967 -0.160540416296 -0.134793973539 1.46678592454 -0.99052040981 -0.0412682188359 0.12550165451 0.0376242817868
1430830470 97666224 -0.160055623645 -0.134437412041 1.46720963969 -0.990238672506 -0.0426091307343 0.127041821331 0.0383693769009
1430830470 168567084 -0.160743139431 -0.137739510338 1.47688390493 -0.991626028261 -0.0426688274764 0.116684396197 0.0352412105657
1430830470 231050984 -0.159929240891 -0.140916166738 1.47451136788 -0.991683286997 -0.0413166679842 0.116342716991 0.0363533140321
1430830470 299751719 -0.158747877492 -0.14210459059 1.47173750601 -0.990947089592 -0.042639613321 0.120924957371 0.0397854708312
1430830470 366861760 -0.158668754704 -0.143631882983 1.47194321007 -0.990389254195 -0.0432920971846 0.124580688522 0.0416481877551
1430830470 436519384 -0.15833294419 -0.147123561808 1.47471634604 -0.991175838893 -0.0433264805355 0.118755189718 0.0398807897792
1430830470 500596110 -0.156988585464 -0.150724752209 1.47440482979 -0.990743452594 -0.0433075799773 0.121848383254 0.0412896616197
1430830470 568351275 -0.155419757936 -0.154043112363 1.47292108483 -0.991090282889 -0.043322740694 0.118951893829 0.0413961140165
1430830470 638932917 -0.153827336146 -0.155820916383 1.47018564633 -0.990028179271 -0.0453052794228 0.125764243752 0.04444086969
1430830470 684311998 -0.153832245809 -0.157832717888 1.47273655031 -0.990944277883 -0.0446702124758 0.11936186049 0.0422700426946
1430830470 768910465 -0.152922426295 -0.159702002835 1.46926730465 -0.990149452559 -0.0446343829979 0.125036446208 0.0444715703603
1430830470 831712124 -0.152471529723 -0.160743485108 1.46892378703 -0.9900285121 -0.0442907650901 0.125976100498 0.0448541576576
1430830470 900092402 -0.150490372397 -0.160393314619 1.46836361809 -0.9896234433 -0.0419067336424 0.129302203343 0.0465854736739
1430830470 966820316 -0.149076208312 -0.162265785353 1.47259874465 -0.990596673027 -0.0436394933662 0.12179611641 0.0444919322367
1430830471 35443583 -0.148196363289 -0.165798289924 1.47254571909 -0.989845437375 -0.0442825749021 0.12665143667 0.0469518610539
1430830471 100816986 -0.147049729091 -0.170122577025 1.47312937991 -0.990178836475 -0.0429447227017 0.124560757193 0.0467572492476
1430830471 166732831 -0.146048396972 -0.172983301532 1.47447401589 -0.990238343489 -0.0456531660722 0.123105074291 0.0467862393781
1430830471 238345986 -0.144838007641 -0.17600225135 1.47537704098 -0.989753209858 -0.0442784489327 0.126562764941 0.0490904172639
1430830471 301929789 -0.143845524939 -0.179736642832 1.47367287037 -0.990447705141 -0.0449861474399 0.12142627983 0.0473840530878
1430830471 370301918 -0.142525543582 -0.181691810651 1.46931412022 -0.989409646107 -0.0435872003848 0.128632464216 0.0512093478072
1430830471 437454437 -0.141829645431 -0.182037828225 1.46827640763 -0.988906269093 -0.0462674134119 0.130854560174 0.0529225990135
1430830471 503811444 -0.142001539475 -0.182477033827 1.47169447039 -0.989255315753 -0.046959685914 0.128244808025 0.052172572945
1430830471 571195003 -0.142661222658 -0.186442578409 1.4812895228 -0.990941138853 -0.0456855671943 0.116912716234 0.0477483514086
1430830471 634027579 -0.141895143348 -0.188753116497 1.47450558686 -0.989563803431 -0.0483267669398 0.125248639305 0.0523524678388
1430830471 704006715 -0.141344335728 -0.18844099591 1.46999428176 -0.988938153897 -0.0476203992009 0.129124405759 0.0553219051046
1430830471 768185667 -0.141324208557 -0.188417968066 1.4711355484 -0.988906269093 -0.0462674134119 0.129362844136 0.0564709833604
1430830471 835282799 -0.140848784362 -0.189693537906 1.47001129426 -0.988713094789 -0.0462583754721 0.129970220554 0.058432188568
1430830471 907529789 -0.14068177504 -0.189948396274 1.46964956908 -0.988677968084 -0.0449057659601 0.130182370996 0.0595978010568
1430830471 964797773 -0.140452308707 -0.191980135357 1.47102875169 -0.98848202422 -0.0448968661873 0.130745227091 0.0615893236888
1430830472 17971870 -0.140313619564 -0.192391984935 1.46905609881 -0.988122543819 -0.0462307456888 0.132319245767 0.0629934421118
1430830472 88497697 -0.140519833877 -0.194449353262 1.47216433741 -0.988610608493 -0.0442273325376 0.129501208178 0.0626294252891
1430830472 175567316 -0.14025586475 -0.194409133064 1.46975034262 -0.988084623394 -0.0448788162367 0.132318069317 0.0645491858723
1430830472 233706701 -0.140418063069 -0.195341002524 1.47224017418 -0.98883556828 -0.0435619101065 0.127817448872 0.0630022115125
1430830472 305173025 -0.140348305354 -0.197150767106 1.47362679532 -0.988518082233 -0.0462492515269 0.128679088619 0.0643016328243
1430830472 369744734 -0.140194589763 -0.200643578955 1.47553052146 -0.988937582963 -0.0455931968368 0.126221480123 0.0631811313623
1430830472 435624497 -0.139473453285 -0.201245544106 1.47257657723 -0.988937582963 -0.0455931968368 0.125524785015 0.0645542078546
1430830472 507790008 -0.139700564752 -0.203911761706 1.47710212522 -0.989906781444 -0.0449615786787 0.119477764608 0.0615474147158
1430830472 573351075 -0.13895651668 -0.208635942811 1.48077935784 -0.98947475892 -0.0462940110326 0.121621791619 0.0632827449361
1430830472 642730878 -0.137110759466 -0.211469731881 1.47866276537 -0.989159784888 -0.0449276500855 0.1237526781 0.065036150573
1430830472 687697931 -0.134224886009 -0.215507176473 1.47471800577 -0.988551830385 -0.0476017965413 0.124685085115 0.070377390963
1430830472 765810979 -0.134604108399 -0.220081345428 1.48458313255 -0.990026691755 -0.0463198340105 0.115775387398 0.0655567102785
1430830472 841472405 -0.1332670729 -0.225364668467 1.47764334968 -0.988778141318 -0.0469370345709 0.123079680855 0.0704705200678
1430830472 905417727 -0.131816126729 -0.229431927926 1.47578178638 -0.988519147203 -0.0482757496554 0.123368543565 0.0726605124368
1430830472 971361220 -0.131055461145 -0.234989703094 1.48282754152 -0.988584054079 -0.0469278213014 0.122669406708 0.0738347090941
1430830473 40280118 -0.128624899784 -0.239371988038 1.48066667862 -0.988289477062 -0.046913837809 0.124198799472 0.0752174152757
1430830473 110891710 -0.12686794555 -0.242599397525 1.4778383748 -0.987483729648 -0.0468755891943 0.128812777323 0.0780117376807
1430830473 172701386 -0.125238861706 -0.24609539768 1.47679192747 -0.987556389092 -0.0495786054123 0.12734231028 0.0778349295739
1430830473 243087106 -0.124116569178 -0.250413532486 1.48058713506 -0.987556389092 -0.0495786054123 0.126485703516 0.0792193603564
1430830473 310366264 -0.122478234763 -0.25404791442 1.47937583269 -0.987553863878 -0.0475537413993 0.126566333158 0.0803552794113
1430830473 369190600 -0.12114100545 -0.255514819167 1.47465326634 -0.986694715921 -0.0502097633054 0.12998020899 0.0837714898631
1430830473 436925726 -0.120733252701 -0.257102184818 1.47553989926 -0.986680308847 -0.0461632686349 0.130182879185 0.0859263564269
1430830473 508602748 -0.118380727172 -0.257861455087 1.4714823305 -0.985609296071 -0.0481336429039 0.134688454851 0.0900915537023
1430830473 576820022 -0.11813222615 -0.257509255552 1.47046802644 -0.985018827003 -0.0487779862127 0.137295266359 0.0922422264816
1430830473 635269063 -0.118181341932 -0.259460103874 1.47323817134 -0.985465682186 -0.048800114415 0.134440520808 0.0916607027705
1430830473 709815419 -0.117971157527 -0.26299574938 1.47730719021 -0.986376781344 -0.0501935846236 0.128952615221 0.0889532029535
1430830473 771169411 -0.117459293513 -0.265609138061 1.47985724288 -0.987589960745 -0.0489053083742 0.122736402039 0.0849124011182
1430830473 839749343 -0.117647912034 -0.273645645765 1.49256232937 -0.988713094789 -0.0462583754721 0.116968140282 0.0813943060077
1430830473 903562157 -0.113640762117 -0.279170253233 1.48520679189 -0.987890276797 -0.046894887879 0.12099304618 0.0850550014761
1430830473 975966168 -0.111729880207 -0.283456080072 1.48216733927 -0.986660255139 -0.0508824496899 0.12540547896 0.0904764228385
1430830474 37979790 -0.108616994385 -0.286657910299 1.47481418945 -0.985584466428 -0.0508269708515 0.130348049719 0.0951276221911
1430830474 108104413 -0.108109166413 -0.289335163398 1.4737624967 -0.985354655341 -0.0487946163822 0.131517086955 0.0969460904252
1430830474 171855708 -0.108062416882 -0.291465297429 1.47295969838 -0.985359807927 -0.0498050761114 0.131015144781 0.0970594413391
1430830474 238756327 -0.108069044552 -0.296626351905 1.47673808505 -0.985024683642 -0.0497881372324 0.132233276697 0.0988021990677
1430830474 310553743 -0.107556987387 -0.301502400561 1.47765099106 -0.986199101876 -0.0505215995727 0.12623996838 0.0944582967241
1430830474 378230977 -0.106258288722 -0.301527028683 1.47023136344 -0.98502938985 -0.0507983453384 0.131863034661 0.0987358563644
1430830474 444085368 -0.106342480355 -0.302961227851 1.47315875026 -0.985106455442 -0.0514757448645 0.130988760116 0.0987798757903
1430830474 490613878 -0.105436341938 -0.305320259195 1.46970890731 -0.983733122797 -0.0514039827514 0.137002792572 0.104196969709
1430830474 577336235 -0.105043009649 -0.306897521173 1.4699119274 -0.98502938985 -0.0507983453384 0.131050849896 0.0998113419573
1430830474 646123428 -0.104383462607 -0.307604584495 1.47025633421 -0.984917000775 -0.0507925493904 0.131585784214 0.100218760239
1430830474 704278997 -0.103497721175 -0.308185078623 1.47010167672 -0.984136139128 -0.0480616991728 0.13443950915 0.105319281773
1430830474 774856279 -0.103209337198 -0.310737558786 1.4763619563 -0.985985385304 -0.0515216724585 0.124038914022 0.0989579963545
1430830474 840499325 -0.102088720954 -0.314871878524 1.47727887464 -0.984725241278 -0.05010954299 0.129063040164 0.105583921859
1430830474 909874532 -0.0999361429431 -0.314398916283 1.46787224238 -0.983308517661 -0.0527263320394 0.134481445309 0.110630167104
1430830474 977031856 -0.0997108438233 -0.315436519759 1.46979084988 -0.983532638735 -0.0507211573064 0.133284232607 0.111023538416
1430830475 43209880 -0.0997868200838 -0.318452841068 1.47414199247 -0.983532638735 -0.0507211573064 0.132828964144 0.11156782255
1430830475 111531470 -0.099501758537 -0.321544768433 1.47138997265 -0.983295509026 -0.0507089284359 0.133550005915 0.112796021324
1430830475 175780339 -0.0989918155763 -0.322907263098 1.47003666901 -0.983225451383 -0.0520496421424 0.132155769151 0.114426392002
1430830475 245808539 -0.0982049132449 -0.325785563702 1.47050698286 -0.984313351908 -0.0514343020387 0.127510655592 0.110556639509
1430830475 310472210 -0.0978666681952 -0.329608404868 1.47512245489 -0.983497830036 -0.0513916877653 0.13090817515 0.113815475323
1430830475 378299957 -0.0969140417643 -0.331079071892 1.47078106116 -0.98315356569 -0.0533902590763 0.131529707425 0.115145484371
1430830475 440681717 -0.0956783730407 -0.333292952678 1.47082167344 -0.982914642296 -0.0533772843159 0.13158604372 0.117110138658
1430830475 511429945 -0.095763398044 -0.334369646937 1.47228832074 -0.984348189471 -0.0507632155722 0.125607873082 0.112713797065
1430830475 576582163 -0.0953414474974 -0.335125825015 1.46894148672 -0.981816878561 -0.0533176701394 0.134933129555 0.122416884342
1430830475 642849715 -0.095195640788 -0.334237447252 1.46632425522 -0.981567909664 -0.0533041498569 0.135673461616 0.123595380735
1430830475 713480872 -0.09505265433 -0.334151055909 1.46591313262 -0.981100591919 -0.0526079400763 0.137397921845 0.125681519125
1430830475 775840308 -0.0952724968048 -0.334050519054 1.46912178078 -0.981764401134 -0.0519722975797 0.134504342131 0.123879469233
1430830475 838405752 -0.0952213341657 -0.336151066124 1.47053123765 -0.982451161055 -0.0506653850856 0.131872485534 0.121788268952
1430830475 906796574 -0.0952196192364 -0.339786300967 1.47460436783 -0.982956290772 -0.0537156151064 0.128140381891 0.120381085119
1430830475 965838385 -0.0941720250512 -0.338987128774 1.46810166269 -0.982473884516 -0.0536892530505 0.130096514607 0.122218767943
1430830476 39421068 -0.0940532362694 -0.337708255673 1.47008141434 -0.983231154837 -0.0530583219682 0.126753991956 0.119894687755
1430830476 110844155 -0.0937978503828 -0.334882474627 1.46799287418 -0.982974544488 -0.0533805373108 0.127688085428 0.120860729625
1430830476 180331112 -0.0941130340974 -0.334352180441 1.4717183486 -0.983908392115 -0.051413141273 0.123711872051 0.118221561244
1430830476 244388120 -0.0940116492951 -0.333292005327 1.4711386349 -0.983873111555 -0.0520839277481 0.123469813987 0.118474342637
1430830476 305110146 -0.0938400278591 -0.332948921782 1.47088771547 -0.982890786234 -0.0527039327156 0.127262036013 0.122279892063
1430830476 382695698 -0.0937252846847 -0.332992333104 1.46993235332 -0.982528276283 -0.052684494442 0.128713449761 0.123674484842
1430830476 442772049 -0.0933155260922 -0.333012898587 1.469705924 -0.981451741344 -0.051955746106 0.132802654826 0.128127025764
1430830476 508888391 -0.0929711483786 -0.332156967429 1.46946373214 -0.982320000906 -0.0520017097244 0.129425635725 0.124868902544
1430830476 580546426 -0.092527116159 -0.331513031998 1.4712371538 -0.983057380088 -0.0540572554846 0.125630394592 0.12203689827
1430830476 646678389 -0.0922400851198 -0.329195611373 1.4720987961 -0.982528276283 -0.052684494442 0.127527160231 0.124897372886
1430830476 709298446 -0.0924329746887 -0.326517271066 1.47364214932 -0.984184800081 -0.0527733194875 0.121134074573 0.117990643769
1430830476 765825172 -0.0924559062962 -0.325700030464 1.47370445004 -0.98368445934 -0.0534190893124 0.122977254144 0.119949490677
1430830476 844568011 -0.0921147603698 -0.324502178299 1.47311818598 -0.983791660224 -0.0514070415657 0.12256765106 0.12036800349
1430830476 913092939 -0.0913149785768 -0.32151176513 1.4713597562 -0.981416091423 -0.0526248575862 0.131485437363 0.129478413728
1430830476 966457281 -0.0913547887452 -0.316872685769 1.47009741344 -0.981465367134 -0.0522919775262 0.131233716846 0.129495149581
1430830477 48406858 -0.091717422626 -0.313278181583 1.47392314442 -0.98304377693 -0.0503599566923 0.125421306797 0.123928621403
1430830477 96271680 -0.0917083319755 -0.310533879066 1.47437050675 -0.982157687264 -0.0509859493017 0.128152756674 0.127842016877
1430830477 162254621 -0.0917910953411 -0.307626590765 1.4722604195 -0.981670902625 -0.0519673479885 0.129592912716 0.129720124333
1430830477 233241867 -0.0917662812437 -0.304459490669 1.47159925472 -0.982078571389 -0.0513175258353 0.128259049292 0.128210013007
1430830477 297941046 -0.0917957372493 -0.299994221451 1.47329347927 -0.982201814232 -0.0513239657658 0.127784838936 0.127735983952
1430830477 360281304 -0.0917432581104 -0.297647722591 1.47426301005 -0.982192219655 -0.0503163326051 0.128326954996 0.127667156872
1430830477 428139966 -0.0918935376139 -0.293480637886 1.47632318799 -0.98304377693 -0.0503599566923 0.124998125294 0.12435544248
1430830477 496208550 -0.0920586722109 -0.288882509191 1.47710215772 -0.982970476604 -0.0511961357155 0.125392556936 0.124196233752
1430830477 561235863 -0.0925221811412 -0.283757957345 1.47888365385 -0.984458757513 -0.051946668336 0.119591233935 0.117645378871
1430830477 633260157 -0.0927853833967 -0.280536881648 1.4810250961 -0.985059307881 -0.0513049284943 0.117273447804 0.11520808439
1430830477 702058252 -0.092963113092 -0.277668622413 1.48121030579 -0.984458757513 -0.051946668336 0.119911616842 0.117318807316
1430830477 760994568 -0.0932798758843 -0.27376860386 1.48339146778 -0.984686267966 -0.0519586733184 0.120213062962 0.11507419102
1430830477 845682116 -0.0935102959531 -0.269475091744 1.48322001385 -0.985393032039 -0.0513223098782 0.117832821851 0.111722956518
1430830477 914060066 -0.0937374294414 -0.264833428812 1.48256967884 -0.984642665742 -0.0506101322035 0.121483561423 0.114713467483
1430830477 986233437 -0.0938845761646 -0.261178286273 1.48224841277 -0.984108797373 -0.0509190513746 0.123801640601 0.116663100098
1430830478 45309108 -0.0940693797683 -0.257358169308 1.47952623165 -0.983861328832 -0.0488887713087 0.125830142882 0.117445939953
1430830478 117331163 -0.0947604742471 -0.252604098573 1.48038301012 -0.984374017388 -0.0502598852209 0.123844615677 0.114648371104
1430830478 187713190 -0.0958775082507 -0.247484853549 1.48370552499 -0.98460292089 -0.05027157251 0.12293576405 0.113651463212
1430830478 248976564 -0.0962054735012 -0.24453569062 1.48215436039 -0.984441633562 -0.0489176070648 0.124468080391 0.113971201594
1430830478 318579390 -0.0965451748672 -0.242294008101 1.48242819886 -0.985787679481 -0.0489844930468 0.119106822903 0.107873700048
1430830478 370174611 -0.0969252494233 -0.238935246509 1.48307589413 -0.985393032039 -0.0513223098782 0.120761423595 0.108550778394
1430830478 430798675 -0.0972005009402 -0.234969048747 1.48251208804 -0.985575789046 -0.0509949554053 0.12012115765 0.107753357507
1430830478 516330899 -0.0974853921578 -0.231963732558 1.48502250063 -0.986650556509 -0.0500389151707 0.115536803751 0.103286171814
1430830478 586921571 -0.0972864552572 -0.228351703301 1.4804592899 -0.985503357453 -0.0513280559662 0.120995287806 0.107278625305
1430830478 655511744 -0.0975959335171 -0.22505487263 1.48091694813 -0.985754054262 -0.0496565613266 0.120711354244 0.106075159113
1430830478 700454702 -0.0978397352177 -0.220056448781 1.47979382274 -0.985016183329 -0.0499560263907 0.124032881451 0.108919044824
1430830478 772154107 -0.0979812738246 -0.215205436152 1.47913626724 -0.985083384583 -0.0486128728993 0.124255394827 0.108665131772
1430830478 833088436 -0.0983892304451 -0.210116443496 1.47955515722 -0.98560627773 -0.0493122923894 0.12208603077 0.10603567423
1430830478 898921226 -0.0990473024139 -0.204156255975 1.4818755665 -0.986578688723 -0.0493609444894 0.117512160146 0.102063119366
1430830478 968434252 -0.0992637194185 -0.199113479399 1.48031414325 -0.985825577195 -0.049323264478 0.121070006241 0.105153224001
1430830479 35671507 -0.0993817053589 -0.19426553516 1.47964007148 -0.985716156548 -0.0493177898954 0.122008974751 0.105096262547
1430830479 103128252 -0.0999327877247 -0.187863968645 1.48121798531 -0.985924396385 -0.0473068460564 0.122139010178 0.103909619967
1430830479 169235386 -0.10012828415 -0.184117236503 1.48130534531 -0.986287608171 -0.0476612636219 0.120379616348 0.102342102217
1430830479 238562255 -0.100325071259 -0.180828741196 1.48050236095 -0.986362248665 -0.0483389346482 0.120213372613 0.101496831722
1430830479 303738725 -0.100921306048 -0.175468258738 1.48201748011 -0.986929929306 -0.0497157950786 0.118064266795 0.0977674959597
1430830479 370399229 -0.101152550455 -0.172264272427 1.48310904273 -0.986998950705 -0.0493819712241 0.118434166394 0.0967876048703
1430830479 433894718 -0.101298951202 -0.170532773478 1.48418665717 -0.987649038349 -0.0487394853286 0.11575139161 0.0936773983336
1430830479 501806615 -0.101256593313 -0.168796762943 1.48260951969 -0.987309330317 -0.0493975002752 0.117646289114 0.0945490554877
1430830479 562860727 -0.101225766307 -0.168742147424 1.48209666401 -0.987309330317 -0.0493975002752 0.118670639496 0.0932601338061
1430830479 632684980 -0.10145224034 -0.167669043848 1.48210888366 -0.987443423148 -0.0477171171091 0.118879929438 0.0924452551203
1430830479 705264030 -0.101540369061 -0.16613778506 1.48169189406 -0.987410661601 -0.0483903145184 0.119319758301 0.091876863772
1430830479 768745204 -0.101658085606 -0.162810797419 1.4804451015 -0.987097887513 -0.0473631527715 0.1214108248 0.0930263610344
1430830479 839843303 -0.101729469184 -0.160559615309 1.48054691152 -0.98678334748 -0.0473480604409 0.123014992587 0.0942554927197
1430830479 899533688 -0.101822842567 -0.157167322677 1.47910943525 -0.986817772829 -0.0471811308868 0.122961525211 0.0940483250012
1430830479 972792182 -0.102015305632 -0.153760849128 1.47909399517 -0.986817772829 -0.0471811308868 0.123980097349 0.0927014540288
1430830480 32212324 -0.10265541839 -0.148654179534 1.48198789884 -0.987273857896 -0.0485522889319 0.12152907293 0.0903531360095
1430830480 119921721 -0.10339278812 -0.141582258751 1.48422276425 -0.988117029062 -0.0479184800018 0.117260140133 0.0870552450283
1430830480 170953217 -0.103507908536 -0.137476310923 1.48296539779 -0.987917209055 -0.0479087897822 0.119294434187 0.0865631208209
1430830480 232076953 -0.103837505092 -0.132805969879 1.48254014394 -0.987469678139 -0.0455255217128 0.12262725316 0.0882814726395
1430830480 305192980 -0.105192404059 -0.126502912655 1.48140857702 -0.988543507032 -0.0482769393025 0.116400657635 0.0830780280164
1430830480 376500404 -0.105907359003 -0.1256509723 1.48076663283 -0.987877628518 -0.0455443295347 0.121493955788 0.0852216159617
1430830480 435347025 -0.105850170146 -0.123702585379 1.47749414595 -0.986991416744 -0.0468522192321 0.126507054669 0.0874572921223
1430830480 499765385 -0.105906637238 -0.121948803521 1.47659090269 -0.987469678139 -0.0455255217128 0.124640504513 0.0854154919425
1430830480 566893522 -0.105912341018 -0.121418186633 1.47744872749 -0.98739734815 -0.0448476001863 0.125313273615 0.0856256566688
1430830480 636207852 -0.105952612085 -0.119956405057 1.4776411345 -0.987709927558 -0.0458740140683 0.123566350738 0.0840001833461
1430830480 705022679 -0.105925005584 -0.11929934109 1.47696067262 -0.987536535992 -0.0451912578248 0.124969431422 0.0843325649242
1430830480 774660041 -0.105895479868 -0.118630489778 1.47615331059 -0.987127638296 -0.0461841975916 0.127128438376 0.0853487302817
1430830480 843225623 -0.106127354442 -0.115589176423 1.47633483355 -0.987947184794 -0.0462225412626 0.123321225447 0.0813370278026
1430830480 900417663 -0.106760271219 -0.111603999303 1.47775462047 -0.988543507032 -0.0482769393025 0.119754058269 0.0781667279928
1430830480 967688540 -0.107136833454 -0.108279602993 1.47914393233 -0.988994292014 -0.0469472951868 0.118425709125 0.075243559573
1430830481 35142817 -0.107292961025 -0.105904930971 1.47897108144 -0.988461816166 -0.0469220187003 0.121611123214 0.0771511299567
1430830481 103054765 -0.107494161017 -0.104264789803 1.47953602394 -0.988527441032 -0.0476006221193 0.121302465439 0.0763766389573
1430830481 166455071 -0.107480327802 -0.101481441208 1.47593141021 -0.988228558538 -0.045560508535 0.123955863989 0.0772237005956
1430830481 225569935 -0.10755671961 -0.0990316292956 1.47361102855 -0.987479322542 -0.0441767223585 0.128751540793 0.0797248110534
1430830481 302500285 -0.107871320797 -0.0971092314929 1.47426287905 -0.988304777454 -0.0438760835917 0.124192199604 0.0768430459349
1430830481 367096050 -0.108497731321 -0.0952358127436 1.47569644134 -0.988509284264 -0.0459111400501 0.122831545208 0.0751929095369
1430830481 435329815 -0.109096774707 -0.092328948984 1.47792770665 -0.98880146307 -0.0459247102434 0.121306792135 0.0738054862557
1430830481 504741807 -0.109217696719 -0.0889072341624 1.47673107993 -0.98863821087 -0.0452416722365 0.122713021719 0.0740890909698
1430830481 568437402 -0.109825021784 -0.0856999003488 1.47675874619 -0.987903224384 -0.0438582565241 0.128060062568 0.0756590573675
1430830481 636063622 -0.109802348968 -0.0842925506276 1.4739821329 -0.987801688033 -0.0438537487877 0.128950300001 0.0754751215068
1430830481 704125224 -0.110447234168 -0.0821366554458 1.4774734092 -0.988509284264 -0.0459111400501 0.12463987702 0.0721558258175
1430830481 770340348 -0.110922711742 -0.0798761988707 1.47965810639 -0.989467125399 -0.0459556268134 0.11898535251 0.0684497918718
1430830481 835761199 -0.111518232794 -0.0766936075614 1.47745161079 -0.987912522252 -0.0458834235433 0.13289807424 0.0652814038229
1430830481 904367064 -0.111578131218 -0.0745539548074 1.4718236075 -0.987626900384 -0.0431713486111 0.136387764884 0.0642473181278
1430830481 971199068 -0.111996399165 -0.0722883037524 1.47376760609 -0.988044186307 -0.0452144887185 0.1336366418 0.0621738199124
1430830482 36106786 -0.112446230966 -0.0694609684563 1.47596132496 -0.988698980556 -0.0438935843553 0.130538388136 0.0592233764908
1430830482 103795019 -0.113525748424 -0.065717290252 1.47699862555 -0.988878301907 -0.0442393082998 0.129686621156 0.0578270517392
1430830482 172492321 -0.114613783777 -0.0634512871755 1.47737361505 -0.989261468757 -0.0442564499809 0.127220690587 0.0567274973417
1430830482 235777876 -0.115654979021 -0.0587536943607 1.47395616931 -0.98791811759 -0.0435214929676 0.135970796231 0.0602960625484
1430830482 304022507 -0.116423497097 -0.0541220918968 1.47187049458 -0.988653575619 -0.0449046580541 0.131509360909 0.0570347884484
1430830482 371998332 -0.117771985989 -0.0509340047295 1.47440414247 -0.988610938604 -0.0425390907241 0.132729781809 0.0567595177341
1430830482 438842274 -0.118605240568 -0.0497577579582 1.47398982548 -0.989037876694 -0.0439086297498 0.12992796708 0.0547250771399
1430830482 504731730 -0.119228806004 -0.0476980781293 1.47508667396 -0.989037876694 -0.0439086297498 0.130002466022 0.0545478645388
1430830482 571875106 -0.119673839022 -0.043731079069 1.47228936906 -0.988639710688 -0.0418650763627 0.133378699577 0.055217391568
1430830482 639999209 -0.1197663811 -0.0413811908397 1.47082318275 -0.988242715787 -0.0418482651608 0.13587149867 0.0562493844127
1430830482 705573716 -0.120415546398 -0.03775698374 1.47403930185 -0.98865010722 -0.043891414609 0.133016118362 0.0543251458624
1430830482 772844772 -0.120815730383 -0.0338912801606 1.47586194036 -0.989323876962 -0.0439213268165 0.12864234376 0.0525388514935
1430830482 839714352 -0.120936098936 -0.0312692644731 1.47544210733 -0.989293702831 -0.0445958071435 0.128891613464 0.0519243247719
1430830482 903743874 -0.12121795142 -0.0290369743284 1.47758094735 -0.989605738608 -0.0439338401478 0.127116989261 0.0509074733753
1430830482 973824271 -0.121122634746 -0.0276874434156 1.47504326582 -0.989418290749 -0.0439255183445 0.128923895623 0.0500062386784
1430830483 39583653 -0.121655605759 -0.024123216671 1.47533072829 -0.989125614579 -0.0418856525173 0.131751855754 0.0501752847817
1430830483 107179680 -0.121841734121 -0.0227635373281 1.47473108509 -0.988835451149 -0.0418733652159 0.133643879696 0.0508958274988
1430830483 189291436 -0.121847459399 -0.0210800923423 1.47249086575 -0.988569460873 -0.0411869361214 0.135710508294 0.0511538391598
1430830483 256045471 -0.12235105314 -0.0182617509542 1.47493633842 -0.98934509011 -0.0412192512931 0.131057389242 0.0481791108513
1430830483 324528514 -0.122738722613 -0.0159360221712 1.47536912111 -0.989821074879 -0.0432672608144 0.127476324392 0.0461732670024
1430830483 394752220 -0.123041890403 -0.0143836254187 1.47630302248 -0.99000484809 -0.0432752939465 0.1266971482 0.0443337606228
1430830483 456989725 -0.123499079161 -0.0107292685111 1.47397241508 -0.98919262726 -0.0425641202939 0.132465466077 0.0462508609204
1430830483 525971543 -0.124206131007 -0.00977219315398 1.47547945056 -0.989411640217 -0.0418977645993 0.131346133618 0.04535831465
1430830483 588314889 -0.124294114307 -0.00771857167201 1.4737655618 -0.989364256675 -0.0418957580891 0.131727088388 0.0452889307972
1430830483 656438316 -0.124430752094 -0.00505140150983 1.47265183554 -0.989159236559 -0.0422248749838 0.133019431488 0.0456825514785
1430830483 726076356 -0.124959884356 -0.00190173252298 1.47395201383 -0.989910922598 -0.0422569626881 0.12797010004 0.0437534903961
1430830483 775069042 -0.1253541789 -0.000336135883893 1.47468659939 -0.98995692545 -0.0422589264413 0.127709895345 0.0434701221513
1430830483 839184067 -0.127826306334 0.00580010913625 1.47611321622 -0.989772223882 -0.042251041967 0.129460037354 0.0424957999498
1430830483 908075217 -0.129914360755 0.00826122089118 1.47169994393 -0.989481614551 -0.0402113285054 0.132173406952 0.0428879239313
1430830483 976344589 -0.130187316241 0.00868776389686 1.47108809593 -0.989800799312 -0.041576235944 0.129999634918 0.0408153060297
1430830484 41389201 -0.130095298833 0.00985545123043 1.47013861743 -0.989689172831 -0.0408956362258 0.131077808838 0.0407614542109
1430830484 109449891 -0.130587678687 0.0143305058653 1.47205258072 -0.990241928525 -0.0409184770292 0.127207592541 0.039557927498
1430830484 182805608 -0.130434576058 0.0153759477863 1.47111876292 -0.989939502033 -0.0415820621032 0.129493830003 0.0390136183547
1430830484 239342416 -0.130553126005 0.0177493174525 1.4700260966 -0.989847148577 -0.0415781828286 0.130299886317 0.0386757907796
1430830484 314749162 -0.131094820732 0.019318817946 1.46969675018 -0.989749752303 -0.0405601776637 0.131363700313 0.0386507185496
1430830484 375899689 -0.131375383621 0.020934865307 1.46845605967 -0.989749752303 -0.0405601776637 0.131777490404 0.0372154917631
1430830484 442034270 -0.132052410195 0.0223393570472 1.47077297312 -0.989749752303 -0.0405601776637 0.132175600291 0.0357758367052
1430830484 507509627 -0.132325250366 0.0256212158551 1.46905814493 -0.989999624038 -0.0412465212505 0.130339047844 0.034802320269
1430830484 575601313 -0.133023449301 0.0285273816935 1.47080363455 -0.990237824028 -0.0399039502863 0.12935655581 0.0332205973036
1430830484 644188166 -0.132928567096 0.0299405131428 1.46835694825 -0.989925269831 -0.0419195148312 0.131128945377 0.0331045934927
1430830484 709795216 -0.133189205525 0.0341032509958 1.46615415557 -0.989663695987 -0.0392050149853 0.134536651642 0.0304733491751
1430830484 777771199 -0.133383600757 0.0383591327287 1.46401499063 -0.989427326749 -0.0391956513403 0.136182877584 0.0308462291103
1430830484 844014687 -0.13366765356 0.0419737070845 1.463437548 -0.989814914503 -0.041238825666 0.13307222571 0.0292844161569
1430830484 909884077 -0.134111585928 0.0456807257336 1.46544298221 -0.990091288586 -0.041250340286 0.131171252252 0.028491266653
1430830484 976909705 -0.134212510914 0.0494710669904 1.46369697174 -0.989967621335 -0.0409071421906 0.132190778605 0.0285711826479
1430830485 48764854 -0.135105989564 0.0552769913129 1.46690407853 -0.990332443765 -0.0409222172725 0.129549252215 0.0280002537695
1430830485 109815441 -0.13547203047 0.0613664678834 1.46180943631 -0.990332443765 -0.0409222172725 0.130264576469 0.0244573726727
1430830485 195577075 -0.135741621404 0.0632495436375 1.46219418149 -0.989995280491 -0.040232203264 0.133038274214 0.0243214312938
1430830485 260746641 -0.135814447986 0.0660917367459 1.45993764779 -0.990087178992 -0.0402359379072 0.132471635677 0.0236582551803
1430830485 329629021 -0.135942819831 0.0678076111102 1.45921312793 -0.989981508432 -0.0405696750844 0.133160896526 0.0236408557881
1430830485 393275114 -0.136354604649 0.0692723605738 1.45905319952 -0.990219250746 -0.0392270229995 0.132047946915 0.0221453343675
1430830485 462022480 -0.136706938265 0.0725385343595 1.45608459109 -0.989809981209 -0.0378591201722 0.135409630738 0.0225193255378
1430830485 513771657 -0.137207809415 0.0757779881208 1.4559245859 -0.989690194756 -0.0385302836612 0.136136973245 0.0222589344006
1430830485 602052204 -0.137752157655 0.0790798704959 1.45737465809 -0.990219250746 -0.0392270229995 0.132210310146 0.0211544323937
1430830485 661196415 -0.138071457235 0.0799241905916 1.45743764597 -0.990310232534 -0.0392306271959 0.131628132205 0.0205094134526
1430830485 730353853 -0.13818080869 0.0800622972175 1.45598799168 -0.990310232534 -0.0392306271959 0.13171092682 0.0199708032919
1430830485 776708204 -0.138736089877 0.0828394362858 1.45413173807 -0.990173587251 -0.0392252140637 0.132712942959 0.0201227350084
1430830485 843214802 -0.139956915843 0.0860164562235 1.45363393658 -0.990068487525 -0.0395590839299 0.13342875528 0.019905681437
1430830485 911901608 -0.141169275981 0.0880623076113 1.45389472374 -0.990141121821 -0.0388858789562 0.133148329705 0.0194928087705
1430830485 979882377 -0.141807357287 0.0890470451615 1.45397069996 -0.99059373511 -0.0389036544684 0.129856689327 0.018649339578
1430830486 43810638 -0.142264349972 0.0911363392422 1.45343344558 -0.990611608687 -0.0395807848283 0.129572420818 0.0182480127549
1430830486 128126685 -0.142905046416 0.0961829827574 1.45412616272 -0.990522239364 -0.0395772139959 0.130315634527 0.0178093474324
1430830486 202421108 -0.143691474261 0.101036197937 1.45061540589 -0.990522239364 -0.0395772139959 0.130752794409 0.0142493583181
1430830486 264533077 -0.144234731554 0.102200193052 1.44850653927 -0.9901473271 -0.0375340078803 0.134198524282 0.0137922068392
1430830486 333802584 -0.144500853444 0.103655305527 1.44780167994 -0.989869531223 -0.0375234773336 0.136214233564 0.0139993706623
1430830486 397211908 -0.144549243483 0.10578391289 1.44575756571 -0.98993677518 -0.0382019222272 0.13566053262 0.0127284788703
1430830486 450475570 -0.14461591417 0.107741754642 1.44590474776 -0.990213183288 -0.0382125888893 0.133642878208 0.0125391705206
1430830486 514159858 -0.145137405217 0.111145784248 1.44569343892 -0.990664657703 -0.0382300114065 0.13031173271 0.0118682148778
1430830486 582069080 -0.145626922271 0.113474173557 1.44389594589 -0.990355587374 -0.0368657556615 0.133052169059 0.0115692231813
1430830486 651521640 -0.146388322865 0.11616209775 1.4433093421 -0.989869531223 -0.0375234773336 0.136456640667 0.0113967110233
1430830486 712457428 -0.147169154756 0.117248652982 1.44179711702 -0.990420980911 -0.0375443814116 0.132417485394 0.0110593651441
1430830486 786008879 -0.147980969187 0.119437189375 1.4422437012 -0.9901473271 -0.0375340078802 0.134437344225 0.0112280615688
1430830486 848523284 -0.148792537095 0.122053582317 1.43993877182 -0.990368867005 -0.0388948232081 0.132461616999 0.0105176051164
1430830486 917029054 -0.14945996415 0.125218493584 1.43957710185 -0.990289268566 -0.0361872197089 0.133864657899 0.0098945974367
1430830486 984041263 -0.150533463029 0.12763838307 1.43904504229 -0.989919775712 -0.0361737176752 0.136783656828 0.00636639844141
1430830487 49555734 -0.151180722053 0.129745644862 1.43840184248 -0.989919775712 -0.0361737176752 0.136808554835 0.00580681739923
1430830487 113678744 -0.15210232827 0.132958846031 1.43585133273 -0.9901473271 -0.0375340078803 0.134806324946 0.0051694915994
1430830487 179420723 -0.153051267011 0.134460014909 1.43866033809 -0.990675846815 -0.0355250486108 0.131452901014 0.00441273987345
1430830487 247435201 -0.152924689609 0.134777085585 1.43666433655 -0.990504065825 -0.0365331715405 0.132481773844 0.00395000755925
1430830487 314754380 -0.153636970742 0.136057462736 1.43817404618 -0.9906586045 -0.0372152079349 0.131143308414 0.00346269953402
1430830487 380188407 -0.153599592702 0.137399463172 1.43580987238 -0.990453330664 -0.0378837275665 0.132505624646 0.00304670277524
1430830487 448117755 -0.154302784436 0.142878116371 1.43594529 -0.990683746441 -0.036539798775 0.131181481016 0.00140594021128
1430830487 516748921 -0.155382120894 0.148660227497 1.43600155555 -0.990516461863 -0.0361955218225 0.132533511446 0.00137524696336
1430830487 581435002 -0.155586327773 0.152983567909 1.43367865996 -0.990310034759 -0.0368640599763 0.133888781732 0.000932869028396
1430830487 649022327 -0.15607301577 0.159793306381 1.43362060245 0.990540908667 0.0355202098088 -0.132540206218 0.000341608558
1430830487 716782958 -0.156136354081 0.165089565603 1.4291531466 0.990359379706 0.0355137002878 -0.133879856684 0.00180557274914
1430830487 783033166 -0.156607717548 0.1676970781 1.42971959893 0.99038336169 0.034838495526 -0.133869715231 0.00244447593842
1430830487 851104516 -0.156855828745 0.169353177304 1.42875098508 0.99019998698 0.0348320449945 -0.135185647623 0.00394399578483
1430830487 934315890 -0.157396015799 0.172784973739 1.42948182775 0.99019998698 0.0348320449945 -0.135134583286 0.00541837854977
1430830488 4323657 -0.157859636404 0.17809430208 1.42604910509 0.990291904483 0.0348352783561 -0.13443641015 0.00594128968998
1430830488 66275535 -0.158291375477 0.182184520539 1.42466329128 0.990107609223 0.0348287954427 -0.135712566142 0.00748174832377
1430830488 135911283 -0.15895117287 0.186715855683 1.42514516267 0.990223504268 0.0341569490601 -0.135011954398 0.0079048463533
1430830488 206603833 -0.158924031652 0.190022893282 1.42246250159 0.990315423954 0.0341601197544 -0.13430427446 0.00841481781848
1430830488 269167026 -0.159164600762 0.193234460478 1.42188856651 0.990267924715 0.0355104207661 -0.134217840495 0.00969631837338
1430830488 337929389 -0.159556209902 0.198712786774 1.42124007309 0.990383361689 0.0348384955259 -0.133510334101 0.0101028118327
1430830488 401554682 -0.159878557572 0.204325363612 1.41972552513 0.990429944625 0.0334880377361 -0.133438353941 0.0110128023771
1430830488 450938365 -0.160163288763 0.208823688665 1.41840939391 0.98965658856 0.0314355603025 -0.139422608365 0.0123684496074
1430830488 534689279 -0.160306070679 0.213820384932 1.41627029185 0.98989685991 0.0327943759796 -0.137354055238 0.0127514373548
1430830488 604372958 -0.160510475748 0.215822437049 1.41641580448 0.989802634986 0.0327912543942 -0.137972812361 0.0133783578778
1430830488 673998755 -0.160543691077 0.218493009097 1.41526503554 0.989874271658 0.0334692495347 -0.137235645992 0.0139682895963
1430830488 735703247 -0.160703206275 0.221854978395 1.41361896587 0.990061336854 0.0334755745114 -0.135732997043 0.0153130236151
1430830488 806878565 -0.160877937733 0.224282783369 1.41347001811 0.98999062472 0.0327974823219 -0.136329093087 0.0160395292115
1430830488 869150640 -0.161216964533 0.229479875779 1.41335999797 0.989918988048 0.0321194871814 -0.136898270993 0.0169587453615
1430830488 939866176 -0.161696230145 0.236728793749 1.41250628234 0.98989685991 0.0327943759796 -0.136767241032 0.0179849221745
1430830489 2448071 -0.161619446118 0.239734139549 1.40989392863 0.989849804959 0.0327928170922 -0.137077266379 0.0182158670277
1430830489 73492335 -0.161848349915 0.242064686681 1.41054392809 0.990037334569 0.0327990297764 -0.135533633289 0.0195175319092
1430830489 125572651 -0.162021387445 0.244487658996 1.40985444342 0.990081136938 0.0314490457037 -0.135283917715 0.0211792684449
1430830489 182796655 -0.162018850962 0.247551625314 1.40796699156 0.989725423493 0.030762316147 -0.137877870181 0.0220671455308
1430830489 259637216 -0.162070405026 0.25133608539 1.40569742018 0.989725423493 0.030762316147 -0.137628956694 0.0235698170689
1430830489 320415155 -0.162463683576 0.252514409156 1.40888353215 0.989935552655 0.0300933019057 -0.136152234235 0.0241777559398
1430830489 390600894 -0.162308746227 0.251960976046 1.40758445381 0.989708730524 0.0297487219098 -0.137805731405 0.0245198421884
1430830489 457041099 -0.162380440144 0.252392195075 1.4073826379 0.989688218749 0.0304234679119 -0.137687144425 0.0251772224253
1430830489 521084852 -0.162494494843 0.252345843073 1.40934763719 0.989803884765 0.0297515820615 -0.136936858101 0.0255227342064
1430830489 584166156 -0.162397639675 0.252375579735 1.40867821878 0.989688218749 0.0304234679119 -0.13725677038 0.0274266522551
1430830489 651853726 -0.162096999924 0.252622079032 1.40535885987 0.989107646355 0.0304056208513 -0.141110820913 0.0287975409419
1430830489 736798715 -0.162251152212 0.254726797657 1.40502013826 0.989205558051 0.0304086307016 -0.140331328792 0.029236916041
1430830489 790675222 -0.162378778948 0.255991300986 1.4053242101 0.989246101792 0.02905978301 -0.140045881182 0.0305749940992
1430830489 851874595 -0.162578964945 0.25684556648 1.40625151689 0.989128146097 0.0297312706698 -0.140599516477 0.0311983670928
1430830489 926899228 -0.162557728564 0.25648151134 1.40763922544 0.989184596488 0.0310830335028 -0.139682116509 0.0321960467707
1430830489 990031166 -0.162145840481 0.256034518093 1.40492705297 0.989029772616 0.029728313754 -0.140446348282 0.0348017168394
1430830490 52270923 -0.162507760431 0.256357422417 1.40933297809 0.989517042008 0.0297429601254 -0.137125107012 0.034177257423
1430830490 125986538 -0.162506255356 0.254776212078 1.41061964897 0.989382148217 0.029401339054 -0.138024842417 0.0347515313012
1430830490 190819916 -0.162416777199 0.253597367445 1.41119783258 0.989341138624 0.0307503719326 -0.137735916137 0.0358795688082
1430830490 257430749 -0.162692575622 0.252766488565 1.41424703001 0.989554939722 0.0300817315566 -0.136307778109 0.0360041709303
1430830490 326081056 -0.162539234638 0.251029403494 1.41490492344 0.989554939722 0.0300817315566 -0.136159358876 0.0365614508453
1430830490 389684176 -0.16233920922 0.249422151752 1.41477233445 0.989400002022 0.0304146079981 -0.137124528856 0.0368707364393
1430830490 459726103 -0.161923761121 0.248072118867 1.41179210863 0.988831646569 0.0297223584699 -0.140903560173 0.0384023811973
1430830490 524375051 -0.162080796811 0.247945972372 1.41485069353 0.989303009955 0.0304116264176 -0.137468520968 0.038171890384
1430830490 589923160 -0.161839356293 0.246532549513 1.41398095255 0.989184596488 0.0310830335028 -0.137934078145 0.0390111418246
1430830490 661940523 -0.162714385604 0.246117915333 1.42420217229 0.990415565112 0.0311217140879 -0.129488379584 0.0366224910373
1430830490 723104112 -0.161166735499 0.241697137552 1.41861364272 0.989762397211 0.0311011896683 -0.133985554601 0.0380917868602
1430830490 795004286 -0.16098055038 0.240429403687 1.41974054152 0.989762397211 0.0311011896683 -0.133562074434 0.0395510472778
1430830490 856432233 -0.161817807376 0.239062918433 1.43173488552 0.990936010338 0.0318143393363 -0.125116270342 0.0371428340942
1430830490 925447249 -0.162694936737 0.233450888857 1.45065011886 0.993201058324 0.0332427834409 -0.106907544426 0.0318959564392
1430830490 988934493 -0.161036185176 0.225291121207 1.44295172347 0.991695819591 0.0325155527958 -0.119209391919 0.0356547487747
1430830491 58807933 -0.160546563486 0.217536622016 1.44827508913 0.992713754992 0.0339040486942 -0.110734196685 0.0332844380396
1430830491 146655566 -0.158525396484 0.210792006114 1.44416230737 0.991547261382 0.0318339637601 -0.120282066623 0.0367811316482
1430830491 193143391 -0.156079211534 0.204646691618 1.43759172523 0.990116955276 0.0317880432936 -0.130623351591 0.0399433999272
1430830491 278197178 -0.153415190782 0.201958784979 1.43940572087 0.990406871303 0.0328112721898 -0.128429196555 0.03903320593
1430830491 325077167 -0.149040229616 0.19756297612 1.43385555784 0.989755349995 0.0327896878858 -0.132952543855 0.0404079770208
1430830491 393289067 -0.148342694511 0.196779420195 1.43229496799 0.989276175348 0.0327738132688 -0.13623796771 0.0412036673874
1430830491 456483634 -0.148158888716 0.193617899308 1.44012875262 0.990130409129 0.0328021132513 -0.130422043748 0.0394447054729
1430830491 528266189 -0.146264352001 0.190936039457 1.43304635904 0.989201072856 0.0320961932876 -0.136912061624 0.0413056802267
1430830491 588705515 -0.145697056585 0.189461318747 1.4356872801 0.989423608104 0.0341293572968 -0.135166567397 0.0400762991757
1430830491 660526042 -0.144658877526 0.187590562945 1.43747117738 0.989505967671 0.0331191074769 -0.134910949605 0.0397504759685
1430830491 729127602 -0.143037938457 0.185281144749 1.43945333861 0.989433962903 0.0331166974523 -0.135396536307 0.0398935503638
1430830491 795294636 -0.141425116886 0.182873639175 1.43775470101 0.989515345973 0.0321063903759 -0.135167397213 0.0394757458746
1430830491 883095449 -0.14039516884 0.181834697656 1.4362591166 0.989157702886 0.034120185114 -0.137300383677 0.0393885317316
1430830491 949065471 -0.139756756974 0.181724049308 1.43458574562 0.988665331479 0.0341032011654 -0.140542658278 0.0403186706912
1430830491 993881597 -0.138849910622 0.181192021737 1.43494852962 0.988825819014 0.0337712644247 -0.139583786464 0.0399920980639
1430830492 81057902 -0.138105864751 0.18100547471 1.43531886886 0.988753041152 0.0344436823634 -0.139935301484 0.0399895955943
1430830492 143747154 -0.136964594534 0.180534324088 1.43463086226 0.988878960325 0.0329293866537 -0.139617411462 0.0392560280569
1430830492 213598557 -0.135713595777 0.180502767457 1.43657165718 0.988718927794 0.0332614742678 -0.140631760914 0.0393860885739
1430830492 275317169 -0.133168623591 0.180644516588 1.43590688887 0.988655445075 0.0329219436598 -0.141132308808 0.0394743962582
1430830492 345410985 -0.131253349368 0.181171728602 1.43487954302 0.988206550052 0.0342560094845 -0.143946831824 0.0394163653452
1430830492 408807914 -0.130383452995 0.180855519483 1.43600227001 0.988532685547 0.0335925697267 -0.142022413912 0.0387853427394
1430830492 462174609 -0.128563209668 0.179701677465 1.4421964062 0.988697517684 0.0346104695647 -0.14081254579 0.0380941054623
1430830492 527731424 -0.125326549837 0.177641407572 1.43866213345 0.988547913035 0.0346052324855 -0.141789080209 0.0383582879251
1430830492 594049012 -0.12444566457 0.176827290524 1.43800509704 0.988257337729 0.0342577700305 -0.143754950637 0.0388375306328
1430830492 664952745 -0.122966821871 0.175626881877 1.44184011098 0.988594179614 0.0332572776167 -0.141867238085 0.0380682055956
1430830492 727682013 -0.11954226448 0.173720630636 1.44028027296 0.988155647543 0.0342542449578 -0.144537902961 0.0385208714725
1430830492 798615622 -0.116661979394 0.173122819746 1.44392558306 0.987990518748 0.0345857202711 -0.145528083341 0.0387316379279
1430830492 860005264 -0.112034039081 0.170560531731 1.44698781562 0.987990518748 0.0345857202711 -0.145941913398 0.0371418999411
1430830492 932259642 -0.107344482248 0.168275332623 1.44168636191 0.987599755401 0.033897916911 -0.148631075983 0.03750276806
1430830492 992610596 -0.105425990192 0.168024585933 1.44340967742 0.987500338065 0.0352426495076 -0.14913536027 0.0368738700715
1430830493 62913430 -0.101669068964 0.167164656458 1.44265512294 0.987261017723 0.0345601832665 -0.150871198506 0.0368667611516
1430830493 133295512 -0.0991764376695 0.167326226123 1.44383154644 0.986988131955 0.036235039566 -0.152392491734 0.0363039632991
1430830493 192312350 -0.0971985266415 0.167345202548 1.44359178865 0.987139590052 0.0357351780801 -0.151604377513 0.0359797098146
1430830493 267022169 -0.0950427160809 0.167213025463 1.44151534971 0.986711277601 0.0357196728548 -0.154224779127 0.0366016001006
1430830493 327651828 -0.0944618582668 0.167799863908 1.44436000227 0.987033200063 0.0357313266843 -0.152259584378 0.0361352076524
1430830493 397914469 -0.0919155092036 0.16701147186 1.44362746266 0.986819043787 0.0357235740699 -0.153958206826 0.0347688312329
1430830493 460214689 -0.090245515221 0.167160312568 1.44510474861 0.986360653681 0.036380348355 -0.156751352438 0.0346142258627
1430830493 534593827 -0.0877055572116 0.166100440224 1.44765613103 0.98686051926 0.0360619261122 -0.15380524892 0.0339086775909
1430830493 592277956 -0.0839921787962 0.164886949346 1.4451053732 0.9864028211 0.0367186148595 -0.156504772301 0.0341683200479
1430830493 663510800 -0.0825235837121 0.164911452351 1.44754359579 0.986419264377 0.0377294290615 -0.156233912184 0.0338303079085
1430830493 734116601 -0.0807981434452 0.163625835606 1.44728756498 0.986115973234 0.0370445588674 -0.158230177689 0.0341496538638
1430830493 796914271 -0.0790360431214 0.16199930694 1.44848060953 0.986393312366 0.0384019305522 -0.156393583653 0.0330843171579
1430830493 864752686 -0.077187601662 0.161847214994 1.44499609372 0.986090488218 0.0377168537427 -0.158615338546 0.0323135013343
1430830493 930006447 -0.0760744111926 0.162429974953 1.4461668135 0.986060774693 0.0370424852719 -0.159010843579 0.0320554912776
1430830493 998270403 -0.075150320721 0.162325186578 1.44584302257 0.986041704968 0.0375466798355 -0.159048975679 0.0318657532792
1430830494 58423796 -0.073739723539 0.161808605722 1.4447909485 0.985857642447 0.0365300570847 -0.16044430177 0.0317472800195
1430830494 129086607 -0.0730003879991 0.16310010792 1.44421524962 0.985626297638 0.0382038234647 -0.161290771509 0.0326581736175
1430830494 200606957 -0.0722919082481 0.16333734517 1.44692611462 0.985508784022 0.0368535407567 -0.162346201531 0.0325263585112
1430830494 263434382 -0.0703869386893 0.163541580156 1.44571442556 0.98516831275 0.0368408086815 -0.164323633973 0.0329225407191
1430830494 332165600 -0.0685599892583 0.164322936766 1.4440089427 0.985060020115 0.0381818740031 -0.164786704986 0.0323147509462
1430830494 396879197 -0.0667737684644 0.164888461194 1.44438833225 0.984942460478 0.0375048225989 -0.165633155946 0.0323634899263
1430830494 466637028 -0.0651273016111 0.164872780626 1.44593536214 0.985372889695 0.038194001129 -0.16305926749 0.0315144699772
1430830494 533630412 -0.0631334792808 0.164787219054 1.4444227492 0.984916661941 0.0381763173024 -0.165699002751 0.0320246516976
1430830494 598413417 -0.0616125675626 0.164478148063 1.45134441183 0.985821789286 0.038211400909 -0.160418319567 0.0310040538854
1430830494 668716511 -0.0584936627532 0.162595155427 1.45103663963 0.984827255893 0.0375004358172 -0.166380626476 0.0320387343242
1430830494 731701914 -0.0555283635072 0.16121413434 1.4552693069 0.985795508821 0.0388834949476 -0.160564455464 0.0302381257937
1430830494 803014497 -0.0514165257172 0.156476975543 1.46914328169 0.986536659729 0.0395863837277 -0.155955709806 0.0292601061703
1430830494 870950659 -0.0459991780508 0.151987202544 1.45718150715 0.98451673226 0.0395053308615 -0.167852255166 0.0314921128133
1430830494 934791412 -0.0439032803531 0.150224763075 1.45176803431 0.984255982081 0.0401670022463 -0.169279778973 0.031162960387
1430830494 998808023 -0.0430304311169 0.149433256819 1.46136890399 0.985518057905 0.0402185069396 -0.162050155233 0.0296036557034
1430830495 68978952 -0.0404129744174 0.146162166801 1.45779603251 0.984400163889 0.0395006533665 -0.168682380819 0.0306964186925
1430830495 132424345 -0.038273839223 0.145418929924 1.45619062732 0.984197299168 0.0401646074255 -0.169715468081 0.0306453995875
1430830495 197110096 -0.0364051097498 0.144025137401 1.4579584531 0.984341708115 0.0394983077338 -0.169137180368 0.0300649225463
1430830495 289874816 -0.0342231787029 0.141140383881 1.46149783957 0.984491980196 0.0415213372117 -0.167994360244 0.0287995557675
1430830495 349475113 -0.0309072371673 0.138198641076 1.46334225824 0.984748496111 0.039514630762 -0.167154735586 0.0277180038043
1430830495 418327113 -0.0272778536708 0.134585899655 1.46681078505 0.984734968966 0.0398503140761 -0.167201735972 0.0274330612888
1430830495 488517385 -0.0235402539227 0.132321374651 1.4667882027 0.984347117019 0.0421875382949 -0.168961807057 0.0270716195559
1430830495 552053849 -0.0201832370845 0.128891479744 1.46432163858 0.983877236593 0.0421673999736 -0.172300142398 0.0228068985781
1430830495 614395586 -0.0166559667586 0.126370493462 1.46918599059 0.984520059364 0.0408501312657 -0.169031576782 0.0219053768983
1430830495 684935201 -0.0127917756956 0.123454592917 1.46938550227 0.983758623062 0.042162316388 -0.173087989262 0.0219512779039
1430830495 754620137 -0.00952162606584 0.120739138145 1.46502374453 0.98292983123 0.0417911194665 -0.177755518631 0.0224816549252
1430830495 800928616 -0.00653721162205 0.119749122519 1.46703700979 0.98292983123 0.0417911194666 -0.177845994977 0.0217543393909
1430830495 868416517 -0.00296166133268 0.118193279409 1.46304784913 0.982438003229 0.0417702084695 -0.180567970632 0.0215876695868
1430830495 939543191 -0.000877685202381 0.11891814908 1.46052156467 0.982006490691 0.0430933646352 -0.182709135387 0.0205812052922
1430830495 999768100 0.00103645521334 0.118909943422 1.46109834628 0.982160650422 0.0424292531984 -0.182112003085 0.0198855114913
1430830496 70213083 0.00293779207998 0.118874067801 1.46263938426 0.982054302148 0.0434308796481 -0.182492146065 0.0194864812222
1430830496 139585723 0.00480186928614 0.117799835353 1.46680481077 0.981958449138 0.0427558822971 -0.183211158117 0.0190580753796
1430830496 208830528 0.00744680781909 0.11560376448 1.46585988922 0.981958449138 0.0427558822971 -0.183408145199 0.0170584574439
1430830496 270682852 0.00955888719969 0.113689220684 1.46714530826 0.982328084418 0.0414300740546 -0.181807444552 0.0161597225325
1430830496 335784151 0.0119856513544 0.111753617407 1.46875111909 0.982146129878 0.0427640541863 -0.182581421372 0.0149746387196
1430830496 405076728 0.0139374724566 0.109370619003 1.46527721125 0.981545442463 0.042067463018 -0.185930649562 0.0151217224029
1430830496 487154571 0.0166289769994 0.106494927174 1.48520723146 0.98393697431 0.0435141399199 -0.172687921933 0.0123867603325
1430830496 530991717 0.020795043024 0.100559201498 1.48041122702 0.982949113568 0.044141927746 -0.178052015334 0.0126495132679
1430830496 606267303 0.0236790490137 0.097391716941 1.47032000829 0.981472316019 0.0437403698273 -0.186080062847 0.0131561067937
1430830496 677179075 0.0260768336613 0.094708540646 1.46829316016 0.980860917038 0.0430430934572 -0.189446640184 0.0130047704829
1430830496 738593957 0.0279135022647 0.0948508725319 1.46426217424 0.980411271551 0.0443628455002 -0.191534770838 0.011836727331
1430830496 808598408 0.0301697998899 0.0933382835314 1.47255689293 0.980816385958 0.0440461519762 -0.189542778332 0.0115190587392
1430830496 871136655 0.0328037495655 0.0909593757384 1.4657068856 0.979706237362 0.0453349418091 -0.194916560157 0.0113122103061
1430830496 941846912 0.0345193454939 0.0908298873497 1.46827301039 0.9801030962 0.0453533060612 -0.192943393499 0.0106698337779
1430830497 5903713 0.0361312671455 0.0892000160572 1.46755122021 0.980365391057 0.0453654434975 -0.191711599125 0.00850525219943
1430830497 89880275 0.0383554713247 0.0873643962081 1.46964652544 0.980606805703 0.0443716932681 -0.190728484084 0.00800567325209
1430830497 158445545 0.0414215750874 0.085035745687 1.47057174805 0.980052640005 0.0450161762765 -0.193418542104 0.0077223223015
1430830497 220076752 0.0437131102224 0.0835127908975 1.46995347602 0.979879807442 0.0451756043121 -0.194257839243 0.00765634604023
1430830497 289930291 0.0448431596186 0.0825287609232 1.46677155788 0.97944954011 0.0458249666373 -0.19627757021 0.00733391054605
1430830497 359984424 0.0457952359424 0.0813394444941 1.46905101775 0.979614094189 0.0451633540783 -0.195628706461 0.00677547949082
1430830497 421415098 0.0464622117567 0.0801949467721 1.46998878576 0.979813549906 0.0451725496271 -0.19462633505 0.00674076297574
1430830497 485461561 0.0478266547344 0.0776929759768 1.4731227219 0.980538568028 0.0465459042253 -0.190716633865 0.00218196788534
1430830497 553007769 0.0502937967619 0.0748265941781 1.47330646847 -0.979813550278 -0.0451725496442 0.194742963906 0.000161920281795
1430830497 615057651 0.0523375644567 0.0727545109684 1.46717467747 -0.979040125117 -0.0444680150094 0.198753460754 0.000300759022454
1430830497 685319778 0.0549262615076 0.0712117781132 1.47434127901 -0.979700473451 -0.0461714081312 0.195073930986 0.00115967463129
1430830497 755677234 0.0589662471331 0.0663988914318 1.48045686515 -0.980027325719 -0.0448476243034 0.193730099556 0.00194421286319
1430830497 818848764 0.0635124905119 0.0627143336811 1.47503828785 -0.978727692744 -0.0467943329006 0.199737783347 0.00268547393294
1430830497 889160477 0.0660810756921 0.0598947883027 1.47461270142 -0.978591433299 -0.046787818147 0.200393006515 0.00351421198103
1430830497 957359370 0.0686928231173 0.0558578309148 1.47586482 -0.979101597568 -0.0474812789811 0.197718522885 0.00360215212642
1430830498 20603176 0.0710397500677 0.0537191200643 1.47309372625 -0.978591433298 -0.046787818147 0.200388028464 0.00378745220462
1430830498 83002526 0.0728985719889 0.0518303032284 1.47784310536 -0.978998846801 -0.0468072971534 0.198384161566 0.00374957793558
1430830498 152090069 0.0748574062028 0.0477085011903 1.475279611 -0.97854307385 -0.047788553812 0.200378420388 0.00426560534602
1430830498 224887733 0.076727473326 0.0451974677661 1.47961934257 -0.979052528677 -0.0484825360047 0.197697519469 0.00461308868271
1430830498 286402473 0.0784750388329 0.0417327878457 1.47266219308 -0.977683227817 -0.0484147284291 0.204374112582 0.00476888080498
1430830498 342367975 0.0795580991525 0.0412503575363 1.47204015795 -0.977382782276 -0.0473979254777 0.206014511712 0.00586127419284
1430830498 427383219 0.0807430979542 0.0396109056097 1.47415239702 -0.977630015204 -0.048078022716 0.204650473203 0.00680006773279
1430830498 492386909 0.0818706464409 0.0378123552301 1.47313997874 -0.976894190361 -0.0487094858719 0.207959288781 0.00761977917398
1430830498 553520122 0.0830305666552 0.0363811476908 1.47133006446 -0.97695969946 -0.0473774081858 0.207759955597 0.0118712962794
1430830498 620209793 0.0841649149428 0.034824471714 1.47249958036 -0.977052212619 -0.0483834806501 0.207106142517 0.0116214606813
1430830498 692865726 0.0860014636807 0.0321137625677 1.47583250978 -0.977473911606 -0.0484043631214 0.205108032171 0.0115093396185
1430830498 752799075 0.0886172886367 0.028918736426 1.48305497958 -0.978238073925 -0.0497794316273 0.201027635168 0.0126557816079
1430830498 824049040 0.0923196049407 0.0231371764209 1.48393188905 -0.978441971036 -0.0484523012808 0.200298632927 0.0135698734061
1430830498 887778030 0.0971166286339 0.0160203599528 1.49158118158 -0.979086515958 -0.0491533896954 0.196919035683 0.0140154178336
1430830498 943979012 0.100962714597 0.010443756364 1.49010729077 -0.978799950655 -0.0494735076955 0.198247361323 0.0141778828864
1430830499 21090539 0.104036388974 0.00530877768554 1.48753820789 -0.977911463771 -0.050765518572 0.202224574174 0.0147394962157
1430830499 89653428 0.10546677944 0.00169492914876 1.4786795866 -0.976757723456 -0.0513733670801 0.20751689663 0.0155519914422
1430830499 157711643 0.107225103912 -0.00104932202311 1.4803417649 -0.97622215134 -0.0506778226765 0.210121122978 0.0164676410082
1430830499 220032982 0.109511258062 -0.00392716984301 1.48149868285 -0.976455892389 -0.0516912776162 0.208763900371 0.0167193282912
1430830499 293255262 0.111531890075 -0.00747567903373 1.47867439365 -0.975881922683 -0.0516608930103 0.211421208931 0.0169321448466
1430830499 361990240 0.113225155275 -0.00972799089655 1.4808112455 -0.976313080595 -0.0516837174958 0.209428373836 0.0167725441488
1430830499 423094103 0.115506780874 -0.0131479473658 1.48221568985 -0.975772284911 -0.0509879971921 0.212050107359 0.0174190732248
1430830499 486565910 0.118792817855 -0.0171727853204 1.48495402649 -0.975951457078 -0.0503301928461 0.211325714215 0.018085011097
1430830499 557591136 0.122990714222 -0.0217480959676 1.48835952034 -0.976026095675 -0.0516685251894 0.210534028097 0.0194639944405
1430830499 618931393 0.126984494627 -0.0254104216699 1.48002223386 -0.974929476326 -0.0502774889047 0.215698025675 0.0214254993142
1430830499 689781519 0.13073803464 -0.0287267101472 1.48039644013 -0.975042324155 -0.0509498538286 0.214931289588 0.0223856931585
1430830499 760104732 0.13618738331 -0.032961501054 1.48977432071 -0.97500736151 -0.0516145957995 0.214822009259 0.0234111691332
1430830499 824048640 0.143294917263 -0.039166748699 1.48478154391 -0.974045265714 -0.0528956318762 0.218553112641 0.0259308585209
1430830499 889081736 0.146037025846 -0.0407846879915 1.47293897503 -0.973065193275 -0.0541732329665 0.222328632776 0.0279171903016
1430830499 965282691 0.14788222518 -0.0435064277422 1.47742921976 -0.973065193275 -0.0541732329665 0.222010882068 0.0303407104365
1430830500 21758135 0.149151353646 -0.0447273839141 1.47040700339 -0.972605565542 -0.0541476442183 0.223985358482 0.030610548638
1430830500 86264687 0.150766663988 -0.0462677657022 1.47361973558 -0.972749613545 -0.0514950759341 0.22316667781 0.0360982051813
1430830500 157133000 0.152578177742 -0.0481694871106 1.47257620392 -0.971503869051 -0.0514291291514 0.227315767358 0.0431603869759
1430830500 228565239 0.154766092303 -0.050642895083 1.46910998352 -0.970799174574 -0.0527193525512 0.22936839917 0.0464733254229
1430830500 287716793 0.156096000488 -0.051004064347 1.46840804914 -0.97084260671 -0.0533855783898 0.228916159596 0.0470319560653
1430830500 359132688 0.158435298967 -0.0540149738509 1.47038921104 -0.970621605196 -0.0530415615102 0.229873917096 0.0473104060138
1430830500 423763913 0.159945877424 -0.0550805454724 1.46639070379 -0.969924212931 -0.0539983658959 0.231847621998 0.0507728059577
1430830500 490526888 0.161519605142 -0.0564196041611 1.47040615279 -0.971285364707 -0.055402736505 0.226087962489 0.0491885180847
1430830500 563806774 0.163246669231 -0.0585260166464 1.47089245175 -0.97094635699 -0.0543872843389 0.227623132528 0.0499289964655
1430830500 626962198 0.164946512157 -0.0598638122979 1.47069980231 -0.970449857618 -0.0546913288175 0.229513847172 0.0505897851115
1430830500 681672126 0.167652346494 -0.0629748547057 1.47691016637 -0.971908495766 -0.0541088364142 0.223584006277 0.0497624538802
1430830500 758498236 0.173268775258 -0.0689115066025 1.48542675729 -0.971364053105 -0.0554072249414 0.225179463562 0.0517312763159
1430830500 829481041 0.178249202604 -0.0738133493591 1.47710014423 -0.970572091273 -0.0553620509335 0.228266610857 0.0530962647122
1430830500 899163780 0.181728461212 -0.0767213318175 1.47486088653 -0.969930401012 -0.0553254485119 0.230847950543 0.053696700732
1430830500 960961465 0.184840990255 -0.0791775447774 1.47266587 -0.969444399314 -0.0552977266651 0.232782829704 0.0541467659245
1430830501 23470139 0.188416188549 -0.0820843065285 1.47129861066 -0.968345219947 -0.0572222713694 0.236384262913 0.0561749669548
1430830501 94760691 0.191317438043 -0.0847601079971 1.46757907539 -0.968345219947 -0.0572222713694 0.236307446461 0.0564972336717
1430830501 161399029 0.193037692865 -0.0863121757314 1.46685028395 -0.968655468979 -0.0575719643509 0.234963218162 0.0564299339739
1430830501 226943682 0.194982299729 -0.0885730607655 1.46844043926 -0.968242923293 -0.0575474447293 0.236532268724 0.0569773547108
1430830501 296644237 0.195871330471 -0.0892937753881 1.46422410414 -0.967744155678 -0.0575178005139 0.23846045412 0.0574418279255
1430830501 368851775 0.197037307795 -0.0907066392644 1.46648954757 -0.968368813334 -0.0582174901912 0.23585052534 0.0569832861067
1430830501 429199318 0.198926698454 -0.0939020151261 1.46632279198 -0.967831520462 -0.0588474384752 0.237581507823 0.0582593694269
1430830501 493163027 0.200258945726 -0.094913812885 1.46432181748 -0.96814040497 -0.0578725482709 0.236519092015 0.0584263941469
1430830501 560062916 0.203651321498 -0.0990140915018 1.47324971234 -0.969309688462 -0.0576108478362 0.232003349478 0.0573948072233
1430830501 632294544 0.209107891764 -0.105808602926 1.47688641894 -0.967914697833 -0.0588524959415 0.236735509677 0.0602811736557
1430830501 692207719 0.21058402687 -0.106379585599 1.46229215523 -0.966739983919 -0.0587810693519 0.241217480975 0.0614224409311
1430830501 764896751 0.215384448436 -0.111315854681 1.47571145965 -0.968411399773 -0.0588826971038 0.234813008329 0.0597916373045
1430830501 829724765 0.218197885512 -0.114731696782 1.46390644691 -0.96640030605 -0.0587604157855 0.242156649865 0.0630699526691
1430830501 895404379 0.219985804213 -0.117155539559 1.4640958263 -0.966763999065 -0.0597749116873 0.240409187582 0.0632277832152
1430830501 958636214 0.220275180592 -0.118711621222 1.45871103154 -0.964967742764 -0.0609847622927 0.24661213372 0.0655787289875
1430830502 29149246 0.222174356744 -0.120900126004 1.46190455546 -0.96591261197 -0.0597222705169 0.24242716996 0.0683750225389
1430830502 90401411 0.224263730997 -0.123498103364 1.46073929504 -0.965740987338 -0.0597116589848 0.242779665393 0.0695478053508
1430830502 162598425 0.225727769094 -0.125389750842 1.46122319853 -0.96554850656 -0.0600301638149 0.243294569403 0.0701442329114
1430830502 232325786 0.227867184367 -0.129874392637 1.46472897454 -0.965507355446 -0.0606884310832 0.242663333529 0.0722977694817
1430830502 291876019 0.230352840614 -0.134382602433 1.47106600167 -0.967542464022 -0.0608163509233 0.234684681465 0.0713165623112
1430830502 363565056 0.233599286941 -0.142171075508 1.4767879766 -0.968329597198 -0.0615286415361 0.231376999938 0.0708286761124
1430830502 426588072 0.234904942363 -0.147202461599 1.46758291884 -0.966660713122 -0.0614225989547 0.237296531577 0.0740586669209
1430830502 495615059 0.236997900973 -0.15113035434 1.4677612217 -0.965553249589 -0.0626742295637 0.240028540754 0.078518550554
1430830502 559285614 0.240721167393 -0.156330189546 1.47211533355 -0.966449258889 -0.0620707473411 0.236626734516 0.0782996860107
1430830502 612697501 0.243452345799 -0.160745233713 1.46762571779 -0.964296649088 -0.0632528904796 0.243584212574 0.0824486251419
1430830502 695206057 0.248047564055 -0.165884871486 1.470741496 -0.964296649088 -0.0632528904796 0.242670363384 0.0851007587383
1430830502 759681404 0.251764428778 -0.170558992956 1.46610434684 -0.964797844624 -0.0636160735556 0.240660416627 0.0848568091693
1430830502 828351760 0.254792319141 -0.174799336693 1.46629285547 -0.964275031125 -0.0635816006945 0.242290857802 0.0861753133357
1430830502 894473329 0.255643768195 -0.176027569705 1.45786363044 -0.962594948781 -0.0647891818891 0.247510281337 0.0891739150384
1430830502 957732906 0.258021642181 -0.180351983008 1.46412715627 -0.962862699074 -0.0661261732166 0.245414328787 0.0910744704823
1430830503 27013291 0.259820419784 -0.185193109819 1.46391619032 -0.962862699074 -0.0661261732166 0.245039725919 0.0920776013441
1430830503 96903628 0.262333217878 -0.18947679228 1.46541340482 -0.963439707547 -0.0655058894684 0.24249922069 0.0932042720667
1430830503 166863430 0.263917044982 -0.19421088108 1.46263317957 -0.962550553802 -0.0654454344067 0.245312160367 0.0950540397175
1430830503 225304146 0.263623246107 -0.194710134809 1.45365048848 -0.960738701623 -0.0653222435234 0.250634116289 0.0994821162637
1430830503 299852458 0.26431695815 -0.195898652151 1.45221672164 -0.960141701947 -0.0659393042814 0.252258717112 0.100724674106
1430830503 349234595 0.265542842293 -0.197116645964 1.45270792554 -0.960291365534 -0.0657851383517 0.251784526332 0.100585094089
1430830503 430044899 0.267255730347 -0.199412117749 1.45675910003 -0.961797110304 -0.0652295196681 0.246703323618 0.099140801345
1430830503 496014330 0.268144852056 -0.202611532846 1.45539438066 -0.960016149007 -0.0670815703811 0.251700592603 0.102546907536
1430830503 564039655 0.26879655959 -0.203585283783 1.45613609107 -0.960797509854 -0.0664779591014 0.249060975279 0.10206594244
1430830503 624244827 0.269579176753 -0.206485986541 1.45628425424 -0.960660377703 -0.0671265861579 0.24894463892 0.10320962598
1430830503 699521446 0.26957143264 -0.208291474048 1.45360038098 -0.959877717193 -0.0677295391605 0.251155987384 0.104728924197
1430830503 766265872 0.27124741707 -0.212980519064 1.45948522397 -0.961616799638 -0.0665346460851 0.245561789049 0.102789490137
1430830503 830231433 0.271200363648 -0.215990494617 1.45422335928 -0.960430891041 -0.0677685714343 0.248768157208 0.10532961701
1430830503 895119784 0.271295699603 -0.217053831317 1.45362357831 -0.960281411231 -0.0679225135047 0.249203488529 0.105564031316
1430830503 961147457 0.271934319719 -0.220793269041 1.45480345602 -0.959796682345 -0.0682170524663 0.250605234927 0.106460220456
1430830504 30033986 0.272162828225 -0.222941380516 1.45380153876 -0.960258201698 -0.0682498547155 0.249023200867 0.105988625957
1430830504 92826001 0.271635645514 -0.22252659985 1.44970846746 -0.95951843228 -0.0681972759869 0.25143788303 0.107016356882
1430830504 162846603 0.271953913328 -0.222770580508 1.45007540601 -0.95970404384 -0.0682104682325 0.25039557764 0.10778466941
1430830504 229950053 0.272174958242 -0.22359854617 1.45066983026 -0.959842967568 -0.0675626768092 0.249799800845 0.108336613433
1430830504 295681127 0.27207495258 -0.224006710891 1.44989776837 -0.959005757241 -0.0688179932729 0.252056878373 0.109724069585
1430830504 359980979 0.272872748856 -0.226297531693 1.45345317885 -0.960027918895 -0.0675756954041 0.24875371654 0.109094036685
1430830504 430642217 0.272850907619 -0.22858719411 1.45219102458 -0.959425459247 -0.0681906679767 0.24957213153 0.112100723068
1430830504 497981073 0.273212821296 -0.232088916987 1.45283832443 -0.958911520501 -0.0674971129001 0.250512361346 0.11478846812
1430830504 563640404 0.273839559879 -0.234787897737 1.45527989584 -0.959657570097 -0.0675496268106 0.248128216181 0.113696017553
1430830504 632749165 0.273708962978 -0.238043570172 1.453083446 -0.959098701684 -0.0675102884529 0.249916499023 0.114515435193
1430830504 699670968 0.273422636751 -0.23910315094 1.45002242304 -0.9584895989 -0.0681241521869 0.251467315799 0.11584894378
1430830504 763029301 0.274227447291 -0.241046175075 1.45407498451 -0.959029160516 -0.0684910789682 0.249563994464 0.115281629275
1430830504 831510054 0.276571967556 -0.246764069629 1.46100857122 -0.961286956826 -0.0679936376392 0.241877597043 0.113134786539
1430830504 899834477 0.277897994465 -0.252442538353 1.46295656246 -0.96218936067 -0.0680574663633 0.238594928113 0.112393397334
1430830504 965304817 0.285900810566 -0.268095993269 1.50078772996 -0.97412355665 -0.0662323023751 0.195238132937 0.0926210016653
1430830505 33747452 0.280494863431 -0.271348074712 1.46950804249 -0.963913906515 -0.068839933349 0.231201116773 0.112592575269
1430830505 102018346 0.280121825093 -0.279025794378 1.47248116335 -0.964748716456 -0.0669165677927 0.228142838519 0.112840295481
1430830505 168040529 0.274274001723 -0.2853527692 1.47022306023 -0.957132132582 -0.0736046672329 0.253351274981 0.119555699181
1430830505 236086268 0.262544893839 -0.280230484996 1.4523574093 -0.958135836491 -0.0703972486486 0.249923264275 0.120657814454
1430830505 300974374 0.258265571989 -0.278504111725 1.45265420001 -0.959402158354 -0.0685177173911 0.245811636901 0.120122687753
1430830505 374932013 0.253042946124 -0.276773881836 1.45691679225 -0.959607080447 -0.0708342349739 0.244917632078 0.118962665612
1430830505 432666820 0.246404696383 -0.277170062079 1.45692883322 -0.959238511364 -0.0694920748584 0.24590086537 0.12068593231
1430830505 501261763 0.241560520896 -0.276874445365 1.45576223378 -0.960073928635 -0.0682367576028 0.243382255746 0.119861895763
1430830505 565340533 0.238207722005 -0.27651761332 1.45623300423 -0.961898810505 -0.0670483754351 0.237624809997 0.117429312242
1430830505 636676914 0.236384722083 -0.275478799522 1.45637411456 -0.962414684533 -0.0674140082216 0.235736950992 0.11679647438
1430830505 698982905 0.23520711246 -0.274589272767 1.45777870082 -0.961196936191 -0.0666702104347 0.239616345457 0.11932954323
1430830505 770461497 0.234020463467 -0.273428744413 1.45553287792 -0.962348088795 -0.0670796920134 0.235751908275 0.117505355862
1430830505 821759700 0.233424309351 -0.272777095653 1.45694913632 -0.962011691762 -0.0667267232297 0.236808050861 0.118334256947
1430830505 897170208 0.231329496606 -0.27202106746 1.45698381301 -0.96187667738 -0.0660584565614 0.237071712133 0.11927506502
1430830505 964741348 0.228556407367 -0.270970760417 1.4573691078 -0.962032913555 -0.0677168255794 0.23566187795 0.119877370888
1430830506 34083689 0.22664604957 -0.269529885556 1.45597531873 -0.961560167168 -0.0666954047365 0.23721332142 0.121175938384
1430830506 96558694 0.223421261608 -0.267083449551 1.46176960304 -0.961944298472 -0.0663925668834 0.236083782386 0.120497474637
1430830506 168670573 0.217743839765 -0.264836681092 1.45761117423 -0.962751024717 -0.066448246434 0.233447808252 0.119152069954
1430830506 236235523 0.216503186347 -0.26513770411 1.46156542148 -0.964382437254 -0.0659002577943 0.227930623573 0.116924341249
1430830506 299888188 0.21462738326 -0.263079040962 1.46388573657 -0.964947878367 -0.0652779836724 0.226091889544 0.116175876862
1430830506 365148682 0.212384117683 -0.260506421927 1.46294523762 -0.965337089655 -0.0646431948624 0.224839873461 0.115726366898
1430830506 438898106 0.211303728067 -0.258239062344 1.46109399318 -0.963550283359 -0.0651834374423 0.230456094626 0.119213922725
1430830506 506915652 0.209151266181 -0.256959100329 1.46289081002 -0.964493358328 -0.0642564471671 0.227249219076 0.118243237304
1430830506 569584432 0.207321239889 -0.255289550559 1.46585817626 -0.965552737356 -0.0639964296094 0.223779305318 0.116340839317
1430830506 639705240 0.203011154484 -0.251637787648 1.46511416954 -0.965100533507 -0.0642968983735 0.225361986821 0.116871057066
1430830506 710079324 0.200306935043 -0.250031212119 1.46342124426 -0.964384066818 -0.0632586246322 0.227712429822 0.11878033247
1430830506 767530177 0.197591631942 -0.246974987917 1.46461420536 -0.965208688016 -0.0639736261637 0.22487000881 0.11710270224
1430830506 833763259 0.194764519765 -0.242928934 1.46666788457 -0.965165782306 -0.0633099011394 0.22524235036 0.117101463218
1430830506 887138236 0.189191305354 -0.23865593837 1.4701809089 -0.966998086939 -0.0614440360281 0.219928109889 0.113008657961
1430830506 969716284 0.182962050951 -0.234675800123 1.47250807378 -0.96576735337 -0.0620269515756 0.224585415385 0.114050285569
1430830507 34341364 0.176961194633 -0.232728117107 1.47003815697 -0.967375343252 -0.0608058462935 0.219438353562 0.111060358863
1430830507 103724719 0.172129943984 -0.23278971111 1.48187090017 -0.966066676682 -0.0627075562057 0.224100577051 0.112079748241
1430830507 170696563 0.15706368968 -0.227502480331 1.48942947151 -0.964688562876 -0.0626181025986 0.229748286394 0.112564091888
1430830507 241430554 0.147152652289 -0.221107558222 1.48473957992 -0.968699712854 -0.060889091556 0.216610674704 0.104848464227
1430830507 305053932 0.136294792571 -0.212756419899 1.49035564598 -0.969995265847 -0.0609705255069 0.212674281672 0.100803914457
1430830507 377238645 0.126556101417 -0.20349550388 1.48855344516 -0.971500624703 -0.0597353480621 0.207415209133 0.0979650724188
1430830507 437076898 0.118394127804 -0.196869522911 1.47990023663 -0.971854431524 -0.0577620944471 0.206846355019 0.0968353746751
1430830507 507712749 0.115685509188 -0.193742193281 1.47913175952 -0.972818104111 -0.0571538167683 0.203817795492 0.0938971979573
1430830507 570375650 0.109775338151 -0.189629320764 1.4850584602 -0.972625962156 -0.0578079503118 0.205121681322 0.0926394865693
1430830507 635797753 0.105011926439 -0.185391285454 1.47950667755 -0.974102593083 -0.0558965764811 0.199975511908 0.0894958408208
1430830507 702477051 0.102476313236 -0.182448971947 1.48039808027 -0.9745118806 -0.0552535085398 0.198998517365 0.0875970002304
1430830507 772352374 0.0992549420993 -0.178243840074 1.47930872856 -0.973691053435 -0.0552069687472 0.202346953719 0.0890709457855
1430830507 841241970 0.096213511954 -0.174878582316 1.47789297153 -0.974586314938 -0.0539246731403 0.200058483084 0.0851483864128
1430830507 908502540 0.0944964844642 -0.172320729766 1.47881371703 -0.97477063896 -0.0532682937696 0.199388209854 0.085023714764
1430830507 972200752 0.0929343472999 -0.170426849894 1.48052298127 -0.975393501663 -0.0539693354546 0.196803363352 0.0834461737798
1430830508 40684646 0.0913287100002 -0.168567239908 1.47653071014 -0.974696802421 -0.0532642588241 0.199694309051 0.0851542424961
1430830508 102313430 0.0894943384877 -0.165537912755 1.48356357156 -0.975375047675 -0.0543018289552 0.196774906401 0.0835132561698
1430830508 172924287 0.0815365397617 -0.155313588067 1.49254102068 -0.975448183559 -0.0529718174792 0.197339696558 0.0821697749012
1430830508 245249365 0.0756972393825 -0.150623294331 1.47774891142 -0.976098012051 -0.0516723322731 0.194990070302 0.0808796230957
1430830508 303850163 0.0738816389272 -0.149329658461 1.4784068793 -0.976230774805 -0.0505114323828 0.194805925259 0.0804532224706
1430830508 377597140 0.0720778079192 -0.148626257514 1.47886000633 -0.976607047798 -0.0515323592984 0.193093095831 0.0793608623914
1430830508 441841806 0.0691840840518 -0.146777849069 1.47973815477 -0.976855033943 -0.0522133128927 0.192020410458 0.0784612935423
1430830508 510132000 0.0679541321732 -0.147174878047 1.48102272798 -0.976942608567 -0.0505482635746 0.191616708251 0.0794421156286
1430830508 574516487 0.068021269985 -0.148204799041 1.48300633926 -0.977988186511 -0.0492653620346 0.187617988317 0.0768864201819
1430830508 639042466 0.0670815177939 -0.148257068573 1.48082935487 -0.977643090039 -0.0505845073844 0.189583390921 0.0755865993313
1430830508 708635976 0.0641285150371 -0.146123341639 1.48422242718 -0.977729701394 -0.0502548093522 0.189401745585 0.0751402949019
1430830508 773263017 0.0607347573575 -0.145383262043 1.48341062303 -0.977989071118 -0.0506024088892 0.188236960686 0.0744554875082
1430830508 841122786 0.0565570648881 -0.143661790792 1.4819863179 -0.977747104247 -0.0512582953837 0.189523072317 0.0739201755347
1430830508 910248317 0.0508734025619 -0.143083065625 1.48426758638 -0.977935834905 -0.0489285213768 0.18948751397 0.0730888818699
1430830508 978694552 0.0442949149024 -0.142191782679 1.48682915114 -0.978006263878 -0.0502690245232 0.189210145412 0.071946465247
1430830509 40593119 0.0353226004735 -0.134081222088 1.49309789383 -0.978925376954 -0.0509854544433 0.184887450527 0.0701585378224
1430830509 113124182 0.027562822686 -0.130574021083 1.48650537918 -0.979827331006 -0.0490231575524 0.181739001215 0.06712724391
1430830509 180406249 0.0249461403824 -0.131518463883 1.48281145032 -0.979876952356 -0.0480211078915 0.181532202435 0.0676844953942
1430830509 241495386 0.0227982895624 -0.131115779619 1.48226559208 -0.979694858111 -0.0476774245343 0.182448965185 0.0680971606106
1430830509 305238453 0.0182085819722 -0.129510245808 1.48324656588 -0.980547219209 -0.0477189051868 0.178374934173 0.0665765713112
1430830509 378231560 0.014124597848 -0.129581504767 1.48711939498 -0.981410819984 -0.0484316355353 0.174116054223 0.0645815667132
1430830509 438532590 0.0127532444035 -0.129620220789 1.486073434 -0.981126367767 -0.0464062060103 0.175686432418 0.0661195279847
1430830509 505126265 0.0117810191664 -0.128350863064 1.48262385713 -0.981174075304 -0.0460732524997 0.175597211676 0.0658810185668
1430830509 573803593 0.0102031814433 -0.128375850792 1.48539063023 -0.98163397306 -0.0457594916321 0.173468671207 0.0648801354054
1430830509 638027540 0.0094233952489 -0.128541898503 1.4867447736 -0.982071815276 -0.0444379838087 0.171716651813 0.0638248127689
1430830509 707927534 0.00840592288377 -0.128894017096 1.48677116462 -0.981744217122 -0.046100024801 0.172686363172 0.0650576654562
1430830509 779277934 0.00623854666876 -0.127495150993 1.48486176431 -0.980918253228 -0.0474017954513 0.175989836194 0.0676759028646
1430830509 840204337 0.00388602651842 -0.127792420167 1.48750772643 -0.981837998819 -0.0467753130482 0.171568325411 0.0661099378363
1430830509 911246004 0.0020199451195 -0.1289028063 1.48703071553 -0.982165827162 -0.0451132400479 0.170606665908 0.0648725602579
1430830509 974537318 -0.00166391297112 -0.127141685578 1.48495973061 -0.981030207788 -0.0477424101091 0.175797954019 0.066298363833
1430830510 26247948 -0.00706899101202 -0.124269375504 1.48518436973 -0.981538580264 -0.0450844290884 0.174448705312 0.0641643118992
1430830510 109839100 -0.0136366493374 -0.123283507463 1.48829146121 -0.981444315771 -0.0470918818212 0.174839126181 0.0630927068911
1430830510 179305607 -0.0180268725378 -0.122521667082 1.48350034304 -0.982872449322 -0.0458172239903 0.167985455128 0.0603607257723
1430830510 249830969 -0.0204400524258 -0.121353373309 1.48546818133 -0.983281444554 -0.0448285955948 0.165948316905 0.0600762343142
1430830510 311947241 -0.0223583257857 -0.120975763761 1.4855075504 -0.983371823113 -0.0441609106352 0.165591892482 0.0600749250749
1430830510 375999741 -0.023688756935 -0.119830075641 1.48453831573 -0.983566269812 -0.0438336891311 0.164706492611 0.0595631755096
1430830510 452436750 -0.0258068596668 -0.11797071169 1.48365347557 -0.983789011642 -0.0428355876196 0.163860270512 0.0589415367436
1430830510 514088621 -0.0292725483792 -0.115993096638 1.48593465065 -0.983310913876 -0.0428147705557 0.16638656343 0.0598502596843
1430830510 576895531 -0.0344801697495 -0.114456676665 1.48419782908 -0.983610857637 -0.0441716451122 0.164572484661 0.0589444127877
1430830510 649271683 -0.0398176757934 -0.112515857309 1.48494680081 -0.983580514175 -0.0448422304205 0.164732618453 0.0584953923303
1430830510 713770615 -0.0449424650069 -0.111434208186 1.48077618271 -0.984693793949 -0.0435476099047 0.159266062523 0.05582167283
1430830510 777610902 -0.0465671439555 -0.111184050903 1.47954824673 -0.984244655269 -0.0418470216954 0.161826392717 0.0576498392948
1430830510 844189166 -0.0478017561778 -0.110515918189 1.48003931022 -0.98434689458 -0.0435322684467 0.160857733857 0.057366559878
1430830510 911356751 -0.0491100107398 -0.109750302649 1.48088826165 -0.985236967346 -0.0415527573382 0.156691322198 0.055039223106
1430830510 979613494 -0.0500187562364 -0.10945790305 1.48232739922 -0.985208408983 -0.0422244518866 0.156578422387 0.0553595897308
1430830511 51024786 -0.0516450296184 -0.108106003505 1.48392316156 -0.985319076478 -0.043575262724 0.155702446207 0.0548111507979
1430830511 115526487 -0.0572797478679 -0.105444487935 1.48245444845 -0.985434245544 -0.0408880630732 0.157000684518 0.0509735133901
1430830511 162465664 -0.0626741354975 -0.104631224646 1.48059385935 -0.985236967346 -0.0415527573382 0.157854708231 0.0516079220817
1430830511 246898031 -0.0674065777778 -0.101649108803 1.47893976022 -0.985779929776 -0.0432589543618 0.1545611015 0.0497740778084
1430830511 318800371 -0.0726731260435 -0.0964256222282 1.48070190048 -0.986138934479 -0.0426011147175 0.152872618798 0.0484263291062
1430830511 383142521 -0.0773213219877 -0.0919774935928 1.4785812038 -0.986216353447 -0.0414256725508 0.15262126865 0.0486617529843
1430830511 450637287 -0.0813546209075 -0.0874467692906 1.47638653016 -0.986569664813 -0.0407667328605 0.150598871284 0.0483564879892
1430830511 520985944 -0.0853738259523 -0.0835164148526 1.47600298612 -0.986730766145 -0.040773389841 0.149637359558 0.0480477517428
1430830511 583971731 -0.0892560362147 -0.0798483863543 1.47731713244 -0.987274165842 -0.0404587275484 0.146447215185 0.0469683509506
1430830511 645719597 -0.0924064222188 -0.075355344527 1.47893018189 -0.98735088505 -0.0411361663916 0.145964265979 0.0462653073262
1430830511 716894150 -0.0962512202771 -0.0708395735518 1.47753273594 -0.987661727786 -0.0411491170849 0.144037242381 0.0456545116746
1430830511 784089990 -0.0985343795841 -0.0676828522067 1.47517065498 -0.987588906634 -0.0391228232793 0.145156657573 0.0454653819307
1430830511 847977890 -0.100480797842 -0.0649096310715 1.47491282584 -0.987768326365 -0.0398044360994 0.144264193057 0.0437856471726
1430830511 920691195 -0.10176323309 -0.0614671662358 1.47333165684 -0.987781837694 -0.0394677187631 0.144189354277 0.0440314706764
1430830511 982930719 -0.103733426978 -0.0571643913841 1.47344032567 -0.987897709364 -0.0391350563396 0.14352977837 0.0438835495337
1430830512 52831650 -0.105297952094 -0.0559284059131 1.47473803042 -0.988276095834 -0.0398248978583 0.141038730501 0.0428066865419
1430830512 118694450 -0.105870436857 -0.0556359675752 1.47600750405 -0.988429661291 -0.0384812089991 0.140451411104 0.0424193629506
1430830512 180164809 -0.106594090672 -0.0547829094726 1.47593160204 -0.988575245573 -0.0398369527971 0.139554917469 0.0406992142636
1430830512 251409373 -0.108434760022 -0.0535812068011 1.47544960088 -0.988303017542 -0.0391511124132 0.14174781644 0.0403966885868
1430830512 316580725 -0.110294546207 -0.0525586066237 1.47416933565 -0.988114567888 -0.0388062899672 0.143058576047 0.0407175196448
1430830512 386158880 -0.113875385165 -0.0493439365688 1.47230836518 -0.988542444813 -0.0381481146494 0.140545793794 0.039691762343
1430830512 449953338 -0.116079870986 -0.0460612548221 1.47405672761 -0.988587255588 -0.0369686615745 0.140484742058 0.0399073101067
1430830512 519479807 -0.119804290976 -0.0409856037465 1.47132802079 -0.988487527768 -0.0369649322082 0.141133499572 0.0400916017738
1430830512 585968002 -0.123027918286 -0.0381215502806 1.47295265961 -0.989001282554 -0.0390099427611 0.137372079232 0.0385175196538
1430830512 652210181 -0.124254100133 -0.0376519633102 1.47290569036 -0.988950824327 -0.0371510532463 0.138269711874 0.0384389526789
1430830512 721317117 -0.125931661719 -0.0362060755321 1.4716196159 -0.989158062135 -0.036821178064 0.136982436413 0.0380307911263
1430830512 783821410 -0.128554020128 -0.0332245779391 1.47192544087 -0.989299717518 -0.0381773380035 0.136518471588 0.0345147315933
1430830512 847244416 -0.130020679687 -0.0325807389678 1.47139401593 -0.989338242398 -0.0371656070431 0.136600441636 0.0341888743098
1430830512 916740965 -0.130363574335 -0.0340296086536 1.47517242666 -0.989718302815 -0.0371798844414 0.133980819732 0.0335332254484
1430830512 985818010 -0.130433707407 -0.0339888524551 1.47414988852 -0.989812167954 -0.0371834105912 0.133325757806 0.0333692740762
1430830513 39154768 -0.130861217816 -0.0327925856821 1.46958360768 -0.989433947394 -0.0371692023092 0.135945630639 0.034024985741
1430830513 118559716 -0.132258955248 -0.0313887619333 1.47015917651 -0.989626411567 -0.035825202845 0.135009229415 0.0335950642666
1430830513 178819992 -0.133823119939 -0.0296281395703 1.47188209437 -0.989563912833 -0.0375118921052 0.135201646051 0.0328121208579
1430830513 249177834 -0.135461622956 -0.0269441613708 1.4707653139 -0.98967374903 -0.035826916496 0.135017320628 0.0321344934046
